_
0	0	124.01145725084118	1.0795702110044659e-11
0	1	154.39170595738693	9.882796803140082e-12
0	2	145.02034342256266	4.9340087571181355e-12
0	3	151.98567478140674	7.613607522216625e-12
0	4	153.5518379087198	7.773905963404104e-12
0	5	151.88743016660868	6.989466783124954e-12
0	6	151.9492016392473	4.623643690138124e-12
0	7	140.61166018909753	-2.7057467377744614e-13
0	8	138.71854119597677	3.1377567211166027e-13
0	9	132.22529242531823	2.3374013835564254e-12
0	10	103.57430001798949	5.10453901370056e-13
0	11	85.7340680424688	-2.7284841053187846e-14
0	12	75.28882682873495	-1.9326762412674725e-12
0	15	63.67474575599381	-8.722054190002382e-12
0	16	64.01064330123297	-8.80277184478473e-12
0	17	60.926538958422455	-1.1118572729174047e-11
0	22	60.78605102932401	-9.525820132694208e-12
0	23	60.50156513467066	-1.0263647709507495e-11
0	24	62.06859869129965	-5.614992915070616e-12
0	25	70.5689804894307	5.093170329928399e-13
0	26	68.5954757864618	1.0982148523908109e-12
0	27	64.61506227156167	3.2434854801977055e-12
0	28	66.07394033629075	1.348325895378366e-12
0	29	61.065803438157594	-7.596554496558384e-12
0	39	60.21039927395139	-2.780780050670728e-12
1	0	129.21940274480215	5.1522874855436385e-12
1	1	159.1611018148574	3.999502951046452e-12
1	2	149.4246235677885	-6.02540239924565e-14
1	3	156.12327160962914	1.7178081179736181e-12
1	4	157.39569529044752	9.390532795805484e-13
1	5	155.42375619167103	5.150013748789206e-13
1	6	155.4015296740424	-8.833467290969566e-13
1	7	144.3945654248179	-6.183427103678696e-12
1	8	143.004039708958	-5.097717803437263e-12
1	9	136.4313112966324	-1.6643753042444587e-12
1	10	106.2873942661679	-3.658442437881604e-12
1	11	85.3206854312329	-3.901732270605862e-12
1	12	70.9061040265875	-6.161826604511589e-12
1	16	61.11263569002959	-1.0658141036401503e-11
1	17	63.46719576842104	-1.2387317838147284e-11
1	18	66.90718029025678	-1.1317524695186875e-11
1	19	72.06816218811298	-8.296865416923538e-12
1	20	73.53803195779089	-8.395772965741345e-12
1	21	75.79266675763208	-7.598828233312816e-12
1	22	82.91451013097846	-7.893277143011802e-12
1	23	82.31255287430356	-8.457163858111017e-12
1	24	81.97530970490638	-6.093614501878619e-12
1	25	87.70847214663576	-7.810285751475021e-13
1	26	82.99288731696761	-5.013589543523267e-13
1	27	76.85717648294055	1.801936377887614e-12
1	28	76.75332318948203	3.4560798667371273e-13
1	29	70.44960195114717	-8.64247340359725e-12
1	30	64.43475382312779	-1.4100578482612036e-11
1	31	63.18530645253236	-1.1709744285326451e-11
1	32	62.39314879699688	-1.1439169611549005e-11
1	33	62.35025593512237	-1.0776375347631984e-11
1	34	61.46580481141509	-1.2039436114719138e-11
1	35	64.77023564283792	-1.0542180461925455e-11
1	36	65.29529487380968	-9.868017514236271e-12
1	38	61.68748750985901	-5.562696969718672e-12
1	39	65.82910140235613	-5.396714186645113e-12
1	40	61.371683774917045	-8.243432603194379e-12
1	41	65.83565267028436	-7.920561984064989e-12
1	42	61.06725589306039	-5.90375748288352e-12
2	0	127.86234794504661	6.343725544866175e-13
2	1	157.4333449105428	-7.639755494892597e-13
2	2	148.23501248565148	-5.733227226301096e-12
2	3	156.16554637313638	-1.3744738680543378e-12
2	4	158.83163414957653	-2.8535396268125626e-13
2	5	157.97637870170627	-2.9558577807620168e-12
2	6	158.725403621488	-6.242544259293937e-12
2	7	148.32373873263964	-1.2059899745509028e-11
2	8	147.4065293892908	-9.421228241990321e-12
2	9	140.81738341909383	-5.02154762216378e-12
2	10	109.63251175078241	-5.336460162652656e-12
2	11	86.4512228317651	-6.999698598519899e-12
2	12	69.31676597932663	-7.008793545537628e-12
2	16	65.97569013873364	-1.2463488019420765e-11
2	17	74.1015007221942	-1.1784777598222717e-11
2	18	82.66164956993707	-7.674998414586299e-12
2	19	91.4832939252643	-4.501998773775995e-12
2	20	94.97052956639753	-4.353069016360678e-12
2	21	97.73217661776897	-4.063167580170557e-12
2	22	104.01457506291847	-5.070432962384075e-12
2	23	101.42509740792715	-8.81755113368854e-12
2	24	98.37993329618234	-6.793925422243774e-12
2	25	101.39962630533033	-2.248725650133565e-12
2	26	94.69090288759733	-2.4442670110147446e-12
2	27	87.57302379956488	1.9542767404345797e-12
2	28	87.13142445632077	-6.480149750132114e-14
2	29	80.36387708044195	-9.405312084709295e-12
2	30	73.15749821536595	-1.6437979866168462e-11
2	31	69.9942606580745	-1.550915840198286e-11
2	32	67.12377100472482	-1.3787939678877592e-11
2	33	65.46222512908605	-1.2399823390296661e-11
2	34	63.62696613936288	-1.1829115464934148e-11
2	35	66.38109406790075	-1.1924612408620305e-11
2	36	66.40472973906434	-1.189960130432155e-11
2	38	62.44066004730588	-7.216840458568186e-12
2	39	67.64054073712751	-7.897824616520665e-12
2	40	65.15470038868041	-1.0574012776487508e-11
2	41	71.73970068231273	-6.9667294155806304e-12
2	42	68.17671490661283	-7.2509465098846705e-12
3	0	123.65517788244406	-4.4565240386873483e-13
3	1	153.97060991171313	-3.324203134980053e-12
3	2	146.24331680546445	-4.777120921062306e-12
3	3	155.9628368173923	-3.5481662052916364e-12
3	4	160.1033908150463	-3.1150193535722795e-12
3	5	159.9836513036479	-1.3938006304670125e-12
3	6	160.84594083995464	-9.233644959749654e-12
3	7	150.49459004566017	-1.3327507986105048e-11
3	8	150.0820468915455	-1.2871623766841367e-11
3	9	144.47019696509457	-7.47945705370512e-12
3	10	114.24572780470973	-7.812559488229453e-12
3	11	91.48726958240943	-1.0574012776487508e-11
3	12	74.24360161819823	-1.1385736797819846e-11
3	15	64.87632765555352	-1.1888232620549389e-11
3	16	77.78118332608923	-8.776623872108758e-12
3	17	89.1692305315948	-7.109974831109866e-12
3	18	99.85192864624057	-5.4944848670857025e-12
3	19	109.24903464136577	2.2168933355715125e-13
3	20	112.03470903529562	-1.6120793588925153e-12
3	21	113.38746571812032	-1.1732481652870775e-12
3	22	117.99369969146211	-5.196625352255069e-12
3	23	113.6467112824173	-7.225935405585915e-12
3	24	108.88039575930827	-6.1595528677571565e-12
3	25	110.45586404907431	-2.7000623958883807e-12
3	26	102.85964333036642	-3.900595402228646e-12
3	27	95.41589919323106	1.7132606444647536e-12
3	28	94.73277548353538	-2.311253410880454e-12
3	29	87.04359944197454	-1.0772964742500336e-11
3	30	77.71688994187278	-1.4630359146394767e-11
3	31	71.42122760240501	-1.5223804439301602e-11
3	32	65.27628383275017	-1.1826841728179716e-11
3	33	61.22146250937872	-1.3665157894138247e-11
3	35	61.430434389628516	-1.0971916708513164e-11
3	36	62.34393547157967	-1.3573071555583738e-11
3	38	60.601302312643014	-8.300276022055187e-12
3	39	67.30564807783712	-7.175913196988404e-12
3	40	66.62994007977868	-1.2554437489598059e-11
3	41	74.81141729575435	-8.71409611136187e-12
3	42	71.85589502428013	-1.1722249837475829e-11
4	0	122.51876658978333	-9.208633855450898e-13
4	1	153.65233316592673	-4.073399395565502e-12
4	2	146.56281689162387	-4.541789166978561e-12
4	3	156.61133989060858	-9.265477274311707e-13
4	4	160.56739560370067	-2.9478997021215036e-12
4	5	159.76342113960808	-2.4988366931211204e-12
4	6	159.93600845565535	-3.6050096241524444e-12
4	7	149.74367875968775	-8.90054252522532e-12
4	8	151.0235340763547	-3.589093466871418e-12
4	9	148.5928288036656	-4.1075054468819874e-12
4	10	122.15404873469924	-4.0608938434161245e-12
4	11	102.55319409336923	-6.884874892421067e-12
4	12	87.01046385227656	-8.363940651179292e-12
4	13	65.42785773574089	-1.9447270460659638e-11
4	14	63.14272634571625	-1.759303813742008e-11
4	15	76.91016962556455	-1.0429630492581054e-11
4	16	89.49582392868004	-7.563585313619115e-12
4	17	100.44936161185584	-8.230927051045001e-12
4	18	110.17493928835515	-6.240270522539504e-12
4	19	118.05423351112839	-8.310507837450132e-13
4	20	119.17467694976382	-2.512479113647714e-13
4	21	119.2358765914296	9.85664883046411e-13
4	22	123.12875140346345	-1.1709744285326451e-13
4	23	118.41929980107922	-5.317133400239982e-12
4	24	113.2501637526526	-8.74933903105557e-12
4	25	114.18762536716302	-3.7550762499449776e-12
4	26	105.81479454402039	-5.5229065765161065e-12
4	27	97.60057026002603	9.765699360286817e-13
4	28	96.04564991002546	-1.700755092315376e-12
4	29	87.0208260645703	-6.431264409911819e-12
4	30	75.63710248297566	-1.5072600945131855e-11
4	31	66.81777693347436	-1.2187229003757239e-11
4	39	65.31591094175141	-5.453557605505921e-12
4	40	64.62157774592266	-6.173195288283751e-12
4	41	73.00336388467494	-6.413074515876361e-12
4	42	70.20967901587757	-1.0642224879120476e-11
5	0	126.37784782902379	1.1175416148034856e-12
5	1	156.56040642752563	-1.3983481039758772e-12
5	2	147.77424259677758	-9.265477274311707e-13
5	3	155.88685694200737	-2.6261659513693304e-12
5	4	158.04844871481836	-1.6189005691558123e-12
5	5	155.9464020943708	-4.764615368912928e-12
5	6	155.8483311480494	-8.830056685837917e-12
5	7	147.07143703501316	-1.3203589332988486e-11
5	8	151.8204860596299	-7.153175829444081e-12
5	9	154.48685776136722	-2.036131263594143e-12
5	10	133.4418608298639	-3.8710368244210255e-12
5	11	117.80562867440142	-1.7041656974470243e-12
5	12	103.54652391498355	-4.72255123895593e-12
5	13	80.4274988259725	-6.3573679653927686e-12
5	14	74.72326778282611	-8.042206900427117e-12
5	15	84.55066400794905	-6.1299942899495365e-12
5	16	93.70032269575644	-3.5083758120890706e-12
5	17	102.0690781963437	-7.150902092689648e-12
5	18	109.94056285890008	-7.707967597525566e-12
5	19	116.54558638412851	-5.945821612840519e-13
5	20	117.00924887937255	-1.3108092389302328e-12
5	21	117.09814961679773	2.4306245904881506e-12
5	22	121.50222224286479	-2.1600499167107046e-12
5	23	117.25690574903669	-6.289155862759799e-12
5	24	111.94679003791578	-6.027676136000082e-12
5	25	111.9691511002383	-4.853291102335788e-12
5	26	102.26929775382207	-4.891944627161138e-12
5	27	92.92589828522921	-3.0615865398431196e-12
5	28	90.82908075051986	4.855564839090221e-12
5	29	81.7829211144804	-6.115215001045726e-12
5	30	70.57272941255295	-1.4231318345991895e-11
5	31	61.95805999765054	-1.1394831744837575e-11
5	39	60.97510312110844	-1.3369572116062046e-11
5	41	66.45953941094905	-1.657781467656605e-11
5	42	64.63551242780055	-1.0148824003408663e-11
6	0	131.5702974876423	3.2309799280483278e-12
6	1	158.71805120812	4.323510438553058e-12
6	2	146.5252129024253	5.491074261954054e-13
6	3	151.79512138159834	2.128217602148652e-12
6	4	152.24457671111273	7.246399036375806e-12
6	5	149.75707105193163	4.151843313593418e-12
6	6	150.6842679456094	-3.6709479900309815e-12
6	7	144.4662537932094	-1.0379608283983543e-11
6	8	153.27304155145288	-4.974936018697917e-12
6	9	160.9126465470112	-3.50269147020299e-12
6	10	144.47183606425085	3.0240698833949866e-12
6	11	131.47935037771967	-4.4303760660113765e-12
6	12	116.80188540887282	-9.854375093709678e-12
6	13	90.25373725718615	-4.162075128988363e-12
6	14	79.33970569249324	-1.3328644854482264e-11
6	15	83.92336108085198	-7.1645445132162425e-12
6	16	89.16542120014803	-8.26048562885262e-12
6	17	95.42870330358012	-2.4624569050502032e-12
6	18	102.66553692189653	-2.9888269637012853e-12
6	19	109.4869614045406	1.4802026271354407e-12
6	20	110.54208480754413	5.695710569852963e-12
6	21	111.32864571099199	4.5065462472848595e-12
6	22	116.28245670637091	1.5290879673557357e-12
6	23	112.09715207996464	-1.6177637007785962e-12
6	24	106.1162486539805	-9.663381206337363e-12
6	25	104.91880958603595	-6.363052307278849e-12
6	26	94.14890701821462	-4.27235136157833e-12
6	27	84.76975304508797	-3.602735887398012e-12
6	28	84.17844245291421	-2.96381585940253e-12
6	29	77.95308625310544	-1.1696101864799857e-11
6	30	70.06923221318267	-1.1015117706847377e-11
6	31	64.42229314369392	-1.999751475523226e-12
6	35	62.35748820164102	7.595417628181167e-12
6	36	64.34679943225132	-9.321183824795298e-12
6	49	60.1563217881984	-9.599716577213257e-12
7	0	133.29243635179586	2.9649527277797463e-12
7	1	157.20236777379864	2.2942003852222114e-12
7	2	142.16443189868255	1.5120349416974933e-13
7	3	145.76051842013595	1.202693056256976e-11
7	4	145.9399905638155	-9.276845958083868e-13
7	5	144.29862634830184	3.7186964618740604e-12
7	6	146.76237451420627	-6.760956239304505e-12
7	7	142.56490494485556	-1.0319354259991087e-11
7	8	153.87227297148925	-7.130438461899757e-12
7	9	164.32416472775404	-3.09114511765074e-12
7	10	150.35139858721666	-5.684341886080802e-14
7	11	138.4622984318515	7.196376827778295e-13
7	12	122.72658876252456	3.3162450563395398e-12
7	13	93.01092092793428	-3.510649548843503e-12
7	14	77.85886025213682	-8.412825991399586e-12
7	15	78.636544739526	-4.049525159643963e-12
7	16	81.63752647436046	4.1040948417503385e-13
7	17	87.43444333709597	-7.884182195994073e-12
7	18	95.34823825454703	-1.9474555301712825e-12
7	19	103.08616029166718	-3.537934389896691e-12
7	20	104.69080079981306	3.5981884138891476e-12
7	21	105.52856319750559	-1.3073986337985843e-12
7	22	110.17329274279471	-2.5750068743946033e-12
7	23	105.46822920339946	-4.5065462472848595e-12
7	24	98.9025244257684	-5.981064532534219e-12
7	25	97.38982709426706	-1.0295480024069548e-11
7	26	87.19111298068994	-1.2425971362972632e-11
7	27	79.91717590395176	1.4313172869151458e-12
7	28	83.15015048353726	-1.8587797967484222e-12
7	29	81.85631548815898	-1.0213625500909984e-11
7	30	78.7678380362269	-1.4151737559586764e-11
7	31	76.51813024479348	-1.2131522453273647e-11
7	32	72.13582614272042	-7.700009518885054e-12
7	33	68.94115793385377	1.2806822269340046e-11
7	34	67.12389954937025	-7.482867658836768e-12
7	35	70.51182511235065	3.4367531043244526e-12
7	36	69.04409794239707	1.276703187613748e-12
8	0	130.9957756521795	3.3435298973927275e-12
8	1	153.73620249076671	1.914486347232014e-12
8	2	138.03954371217054	-1.3596945791505278e-12
8	3	141.74476175466683	3.020659278263338e-12
8	4	142.62414731410408	4.207549864077009e-12
8	5	141.72690834475603	7.884182195994073e-12
8	6	144.4875669762857	-3.0331648304127156e-12
8	7	140.1319723694267	-5.186393536860123e-12
8	8	151.32807856109577	-5.5229065765161065e-12
8	9	162.28172421291606	2.9422153602354227e-12
8	10	149.50004752250638	1.3108092389302328e-12
8	11	138.9080745424132	-3.310560714453459e-12
8	12	123.73046559145038	4.171170076006092e-12
8	13	93.38574189151684	-1.2054215403622948e-11
8	14	76.73966483708755	-3.1354829843621703e-12
8	15	76.02195514682926	-9.223413144354708e-12
8	16	78.2861796329397	-1.3278622645884752e-12
8	17	84.22826559117453	-6.5585936681600285e-12
8	18	92.65081983921675	3.930153980036266e-12
8	19	100.58579575996347	7.264588930411265e-13
8	20	101.78463415585455	1.080138645193074e-11
8	21	101.87187643132849	2.4215296434704215e-12
8	22	105.95244566539017	7.389644451905042e-13
8	23	101.27212982843075	-2.1827872842550277e-12
8	24	95.43818044079023	-1.2537384463939816e-11
8	25	95.36241711252158	-8.088818503892981e-12
8	26	87.40343642195013	-5.509264155989513e-12
8	27	83.3289558749384	-2.9103830456733705e-12
8	28	90.61289582419553	5.461515684146434e-12
8	29	93.55598899570063	-7.20660864317324e-12
8	30	93.77026383917485	-6.269829100347124e-12
8	31	92.85297972350902	-1.1789325071731583e-11
8	32	87.48773968313901	-2.5647750589996575e-12
8	33	81.5366688384152	-8.765255188336597e-12
8	34	76.23216944884618	-9.208633855450899e-14
8	35	76.28034882746618	6.0549609770532695e-12
8	36	71.91564911557616	-1.405169314239174e-12
9	0	128.85353310600848	8.537881512893364e-13
9	1	152.86910179534993	1.7848833522293718e-12
9	2	138.12740070291812	1.962234819075093e-12
9	3	142.41048057330198	6.7666405811905864e-12
9	4	143.3247512197086	1.1650627129711211e-11
9	5	141.63206520215672	1.0028315955423751e-11
9	6	142.66687548903195	1.0004441719502211e-12
9	7	136.09951986055242	1.9326762412674725e-13
9	8	145.58628650597174	-7.877360985730775e-12
9	9	156.3664947519979	2.693241185625084e-12
9	10	145.33920799545643	-1.688249540165998e-12
9	11	137.83973752603285	8.699316822458058e-12
9	12	125.83415926047142	-2.5204371922882276e-12
9	13	97.5762912675659	-8.23433765617665e-12
9	14	81.51198585955588	-7.036078386590816e-12
9	15	80.27417054157634	-4.686171450885013e-12
9	16	81.66092035293599	-8.061533662839792e-12
9	17	86.86132393516083	-4.484945748117753e-12
9	18	94.69911199785534	-3.4515323932282626e-12
9	19	102.01508455472081	3.3287506084889175e-12
9	20	102.57479915869081	6.5779204305727034e-12
9	21	102.36946954436324	8.524807526555378e-12
9	22	106.96428164304604	2.9729108064202594e-12
9	23	103.75607307835776	-8.058123057708144e-12
9	24	100.03968936169946	-1.1606289262999781e-11
9	25	102.18858595211032	-1.46536649481277e-11
9	26	96.18949023019006	-1.5037358025438153e-11
9	27	93.77179801530667	2.7625901566352696e-12
9	28	102.49619097098173	9.292762115364894e-12
9	29	106.52305705269771	2.715410118980799e-12
9	30	106.99464134401555	-3.02009084407473e-12
9	31	105.0237534899323	-1.1851852832478472e-12
9	32	97.28088513886613	-1.0652456694515423e-12
9	33	88.28787124412707	1.0965095498249866e-12
9	34	80.279749542215	-6.687059794785455e-12
9	35	78.65945125023366	-1.4665602066088468e-12
9	36	73.59805204402984	-6.803588803450111e-12
10	0	130.98648824576898	5.926494850427844e-12
10	1	156.96141137148473	-3.353761712787673e-12
10	2	142.8904799204952	-1.5927525964798406e-12
10	3	146.66960808913052	5.205720299272798e-12
10	4	146.1552840406077	1.2691998563241214e-11
10	5	142.30116371058176	6.027676136000082e-12
10	6	140.69451300674268	-1.3319549907464534e-11
10	7	131.59507549082954	-2.4766677597654052e-12
10	8	139.632610596232	-1.0669509720173665e-11
10	9	151.0012023595132	7.082689990056679e-12
10	10	142.8887457441249	-5.911715561524034e-13
10	11	139.86973675320695	1.1134488886455074e-11
10	12	132.36109952059616	-3.6413894122233616e-12
10	13	107.08493995882709	-2.5266899683629164e-12
10	14	91.78447931012961	-1.6444801076431759e-12
10	15	89.48161167144158	-2.369233698118478e-12
10	16	89.0381419800203	-3.6493474908638745e-13
10	17	92.66278597812553	-3.118998392892536e-12
10	18	99.68085650293025	-1.0402345651527867e-11
10	19	106.9505004560528	-3.1360514185507783e-12
10	20	108.11601216293451	-5.820766091346741e-13
10	21	109.14845202217045	-5.894662535865791e-12
10	22	115.59768394357219	3.0155433705658654e-12
10	23	114.57495287316937	-9.029008651850745e-12
10	24	112.72678043021602	-7.835865289962385e-12
10	25	115.69454403837064	-1.1681322575896047e-11
10	26	109.11078295957388	-9.38598532229662e-12
10	27	104.9716625888568	-5.601350494544022e-12
10	28	111.51636909526354	-2.653450792422518e-12
10	29	113.50123767287516	1.7962520360015334e-13
10	30	112.2300953815172	-4.2064129956997933e-13
10	31	108.63011999790628	-3.907985046680551e-12
10	32	99.25145001780018	-4.304183676140383e-12
10	33	88.87436846486803	-6.90761225996539e-12
10	34	80.2458989560931	2.320348357898183e-12
10	35	79.04453928748818	-6.719460543536116e-12
10	36	75.06753514527844	-1.7973889043787495e-12
11	0	136.8107477079404	4.206412995699793e-12
11	1	163.5503200842239	-2.4897417461033913e-12
11	2	148.87166752461943	-5.550191417569295e-12
11	3	151.1256752842543	-9.289351510233247e-12
11	4	148.74040756144146	7.95580490375869e-12
11	5	143.01705585591694	4.267803888069466e-12
11	6	139.67371610767378	-4.800995156983845e-12
11	7	129.18436636110715	-1.5679120224376674e-11
11	8	136.69794017329875	-7.036078386590816e-12
11	9	149.05076815429982	1.2043415154039394e-11
11	10	143.67288868854547	1.6933654478634707e-12
11	11	144.55426694272398	-2.9461943995556793e-12
11	12	140.8101368045883	7.228209142340347e-12
11	13	117.8204184564625	1.3214958016760648e-11
11	14	102.7409961660612	-1.065302512870403e-11
11	15	99.09514981760816	1.77351466845721e-12
11	16	96.96856221008316	9.549694368615747e-13
11	17	99.74253730877983	-1.8171704141423107e-11
11	18	107.25192287676755	-1.678813532635104e-11
11	19	116.12891068063696	-4.685603016696405e-12
11	20	119.43316976467791	7.497646947740577e-13
11	21	122.60337763723464	4.616822479874827e-12
11	22	130.81887514213528	-1.8957280190079474e-12
11	23	130.82231379157886	-3.489049049676396e-12
11	24	128.77972510848937	-7.533458301622886e-12
11	25	129.9188211000549	-1.7435013432987036e-11
11	26	119.90118743404997	-1.6248691281361972e-11
11	27	111.40496715699976	-3.919353730452713e-12
11	28	113.77161790083709	-3.0030378184164873e-12
11	29	112.7065809815936	5.4143356464919634e-12
11	30	109.82164251992008	-1.3716885405301582e-11
11	31	105.69096083282484	2.7114310796605426e-13
11	32	96.2908815868568	-2.4759287953202147e-11
11	33	86.10690394273739	-3.58852503268281e-12
11	34	77.99283531456447	-1.7677166397334077e-11
11	35	77.80221072697813	-1.3182557268009987e-11
11	36	75.13749989203362	-2.4505197870894335e-12
11	37	60.63591926483734	-1.2681766747846267e-12
11	49	63.02633627158868	-3.798277248279192e-12
12	0	141.513279666761	7.877360985730775e-12
12	1	167.8116791965717	1.332978172285948e-12
12	2	152.2005597578586	6.02398131377413e-12
12	3	153.47568182030315	-6.562572707480285e-13
12	4	150.46693154006192	4.1094949665421155e-12
12	5	144.49390534393467	-1.0560654573055217e-11
12	6	140.92991118907267	-1.0093970104207984e-11
12	7	129.9384534022093	-2.395324827375589e-11
12	8	136.8075586672877	1.5535306374658832e-12
12	9	148.97940122665773	-2.1919106529821876e-11
12	10	144.4997126218655	7.161702342273202e-12
12	11	147.4184235274655	-1.971329766092822e-12
12	12	146.18440372975718	4.120010999031365e-12
12	13	125.20335112965691	-1.3205578852648614e-11
12	14	111.05029940989951	-5.524043444893323e-12
12	15	107.48400671428665	-9.733298611536156e-12
12	16	105.44425424949635	3.1218405638355763e-12
12	17	109.130352569524	-8.955112207331694e-12
12	18	118.56955628281929	-5.6101612244674474e-12
12	19	129.87127324170132	-1.0348060186515796e-11
12	20	135.26549392755936	-4.783373697136995e-12
12	21	139.56680030242183	-7.84041276347125e-12
12	22	147.74421577390186	-7.142091362766223e-12
12	23	146.57864180604702	-8.530491868441458e-12
12	24	142.26918208467714	-8.101892490230966e-12
12	25	140.05159020180366	-1.622197487449739e-11
12	26	125.81216643863134	-1.1155520951433573e-11
12	27	112.87917826321413	-1.250526793228346e-11
12	28	111.53071249140922	-1.4841816664556972e-12
12	29	108.2122829278188	3.5851144275511615e-12
12	30	104.61493458052087	-9.074199169845087e-12
12	31	100.69643082021248	-1.135930460804957e-11
12	32	91.58956492932441	2.9018565328442494e-12
12	33	81.32217689435224	-1.184048414870631e-12
12	34	72.93883160400333	-1.680717787166941e-11
12	35	72.8446090083422	-1.6471233266202034e-11
12	36	70.99022607116088	-1.0460041721671588e-11
12	49	63.02297331486735	-4.190496838418767e-12
13	0	140.94222489666976	-3.764739631151315e-12
13	1	167.22644715404797	-6.57905729894992e-12
13	2	152.0094429571443	-1.0281269169354346e-11
13	3	154.06138572343664	-3.5637981454783585e-12
13	4	152.12453654406613	9.262777211915819e-12
13	5	147.13018778638536	-6.476028602264706e-12
13	6	143.81403653859516	-1.2113616776332493e-11
13	7	131.8762265958163	-1.8519301647756948e-11
13	8	136.79892693831533	2.5350743726448857e-12
13	9	146.96548436375846	-1.9856685185004607e-11
13	10	141.63076227085202	-3.887805632984964e-12
13	11	145.57638895568823	1.0034995057139895e-11
13	12	147.0513330054663	-6.962181942071766e-12
13	13	129.51634703776733	-1.3875904869564693e-11
13	14	118.52523664716044	-5.2841642173007135e-12
13	15	117.3553904441577	-3.915090474038152e-13
13	16	117.10876931547108	-1.51180756802205e-11
13	17	122.37339432198036	-6.9991301643312914e-12
13	18	133.27462087120392	-1.7132464336100382e-11
13	19	145.572584798131	3.1165825475909515e-12
13	20	151.0044764633778	-1.2732925824820997e-12
13	21	154.1942898340928	-3.4339109333814124e-12
13	22	160.39028388914863	-2.3214852262753995e-12
13	23	156.8795939996333	-2.0226309516147014e-12
13	24	150.19941195561748	-1.1494591944938293e-11
13	25	145.59076744024944	-1.6126051605169777e-11
13	26	128.81333148986366	-2.8574760335686733e-11
13	27	113.26692132760309	-4.641975692720735e-12
13	28	109.590394199948	1.2614691513590516e-11
13	29	104.60256139328187	-3.899884859492886e-12
13	30	99.99058858868867	-7.651550504306216e-12
13	31	95.23628666304523	-2.659561459950055e-12
13	32	84.88909268622417	1.709707930785953e-12
13	33	72.84388421725161	-7.480025487893727e-12
13	34	62.72649614779562	-1.0570602171355859e-11
13	35	61.93205273320473	-1.3945395949122031e-11
13	36	61.13589410761008	-5.257447810436133e-12
14	0	135.5596175373452	2.3959501049830577e-13
14	1	163.4673360620068	-5.016431714466307e-12
14	2	150.30068935492338	-9.013092494569719e-12
14	3	154.31664500496035	-5.1036863624176474e-12
14	4	153.91016549985108	-1.6012506875995313e-11
14	5	149.6479055998292	-1.577518560225144e-11
14	6	145.85142536965864	-4.5190517994342374e-14
14	7	132.0485315892202	1.417390649294248e-12
14	8	134.19539343777376	-2.393079512330587e-11
14	9	141.8826268328912	-6.433822363760555e-12
14	10	135.83143931854943	-1.5338628145400437e-11
14	11	141.73520948171247	1.3017995570407948e-11
14	12	147.60661629221298	-4.5409365156956486e-12
14	13	135.6012429430554	-1.2818475170206511e-11
14	14	129.6136364526225	-1.1540350897121244e-11
14	15	131.7510173947764	-1.3903047602070729e-11
14	16	132.83787562091715	-9.13559006221476e-12
14	17	137.86015145496296	-7.727862794126849e-12
14	18	147.4875376677024	8.79651906871004e-13
14	19	157.81829439655394	-2.8100828330934747e-11
14	20	160.7778544304182	-8.897416137187975e-12
14	21	161.3026606458099	-1.5203625025606018e-11
14	22	165.18417862457903	-1.3862688774679555e-11
14	23	160.23738680270858	-6.020286491548177e-12
14	24	153.1120239982518	-5.636309197143419e-12
14	25	148.58156524289777	-1.3700685030926252e-11
14	26	131.62646146055954	-1.6316619166900638e-11
14	27	115.06189705652821	-1.0714416021073703e-11
14	28	109.46259077838806	5.91143134442973e-12
14	29	101.9946069315057	-9.583231985743623e-12
14	30	94.70629829738003	-3.2719071896281095e-12
14	31	87.17793032594497	4.681339760281844e-12
14	32	73.91922430680195	-1.1136478406115202e-11
15	0	129.469347919303	2.4590462999185546e-12
15	1	159.93460996951444	-1.2404086646711221e-11
15	2	149.03742747717013	-1.1782503861468285e-11
15	3	154.51176118603775	-3.488196398393484e-12
15	4	154.67490180742064	-6.2843241721566305e-12
15	5	150.20717796056041	4.372395778773353e-12
15	6	145.50397081393805	-1.328260168520501e-11
15	7	130.2018593348676	-3.19667492476583e-11
15	8	130.70453069867068	-1.5859029645071132e-11
15	9	137.53969203346887	9.251266419596504e-13
15	10	132.53713413736503	-8.205347512557637e-12
15	11	141.97812287632536	-2.0233414943504612e-11
15	12	153.36602586947768	3.164188910886878e-12
15	13	147.28433967102404	8.116387562040472e-12
15	14	145.70708897549287	5.180140760785434e-12
15	15	149.41959011655226	-1.3266685527923983e-11
15	16	149.08127305792922	-2.9109514798619786e-11
15	17	150.5282878438341	-8.225811143347528e-12
15	18	155.66953235249431	-6.8266103880887385e-12
15	19	161.6367149658861	-8.330403034051415e-12
15	20	160.9878559395543	-1.0001315331464866e-11
15	21	159.04337578645323	-1.4648549040430225e-12
15	22	161.8846547230307	-1.6432579741376684e-11
15	23	157.4213518620161	-8.858478395268321e-12
15	24	151.9368077931444	-1.2298073670535814e-11
15	25	149.28645145736144	-1.1109193565062015e-11
15	26	133.29739903305875	-9.915197551890742e-12
15	27	115.97851824818852	-8.940048701333581e-12
15	28	107.87071354980881	-1.0159340035897912e-11
15	29	96.8144861090988	-4.08306277677184e-12
15	30	85.75201182356547	-8.53759729579906e-12
15	31	74.8781093101275	4.329478997533443e-12
16	0	126.03167096237411	1.2116743164369836e-11
16	1	158.12242250647313	4.220623850414995e-12
16	2	148.0993968975439	7.440803528879769e-13
16	3	153.62297177633872	-2.8660451789619402e-12
16	4	153.43783490768544	-6.906475391588174e-14
16	5	148.78258582832683	-1.2865370990766679e-11
16	6	144.33441666934675	-8.236042958742474e-12
16	7	129.66442015628817	-1.9240360416006298e-11
16	8	131.0696491147992	-1.3348255833989243e-11
16	9	139.27108404076202	-1.822968442866113e-11
16	10	136.56258046565523	-8.395772965741345e-12
16	11	149.49267223812262	-3.88467924494762e-12
16	12	165.10235442898684	-4.816627097170567e-12
16	13	162.6947355716773	-9.449081517232116e-12
16	14	162.69275150925304	-1.1019096746167635e-12
16	15	164.91673628982088	-7.997016382432776e-12
16	16	160.21373006265856	-8.819256436254364e-13
16	17	155.6450457417142	-6.15273165749386e-12
16	18	154.7086068467167	-8.435279141849606e-12
16	19	155.76554313379472	-1.8048353922495152e-11
16	20	151.9301347423269	-1.4994725461292547e-11
16	21	148.5593041450805	-1.4174759144225391e-11
16	22	151.55239585952083	-3.26281224261038e-13
16	23	148.5234357944495	-1.279573780266219e-11
16	24	145.21781865527387	-1.1344809536240064e-11
16	25	144.62162389010396	-9.061977834790015e-12
16	26	129.5836301845407	-1.0509211278986186e-11
16	27	111.51470957556448	-1.8362698028795422e-11
16	28	101.12953283222589	-1.7147385733551347e-11
16	29	87.14656728046444	2.8961721909581685e-12
16	30	73.55756815704932	1.2623786460608245e-11
16	31	61.17119003763364	-8.33779267850332e-12
17	0	124.98340106897717	-6.6620486904866995e-12
17	1	156.7932966760466	-9.666223377280404e-12
17	2	146.1884137249524	-2.687215783225838e-11
17	3	151.1519116220749	1.0817302609211766e-11
17	4	151.04453088973307	5.880451681150589e-12
17	5	147.63199656816903	2.0179413695586847e-13
17	6	145.5939868583559	-2.419028533040546e-11
17	7	133.89776512661575	-6.162963472888805e-12
17	8	138.0226392851763	-1.4441638995776884e-11
17	9	148.2156564637501	1.3460521586239338e-12
17	10	146.88173703226963	-1.7224692783202044e-11
17	11	160.9683857858735	-1.008459094009595e-11
17	12	177.62368940562303	1.0206804290646687e-11
17	13	175.62904906636243	-1.6187300388992297e-11
17	14	174.49963554935093	-2.577451141405618e-11
17	15	173.42747248943547	-1.4196643860486802e-11
17	16	163.47138704920482	-1.1794440979429056e-11
17	17	152.74776878293682	-2.0422703528311105e-11
17	18	146.098911793002	-1.8717400962486865e-11
17	19	142.8444791709673	-9.600853445590474e-13
17	20	136.36223607518062	-1.8953301150759217e-11
17	21	131.76944556048744	-8.369056558876763e-12
17	22	134.62999062648652	-6.034497346263379e-12
17	23	132.34681694121096	-1.169837560155429e-12
17	24	130.47099435517018	-7.927383194328286e-12
17	25	131.59850611955395	-2.7841906558023768e-12
17	26	118.00498462083385	-1.518912995379651e-11
17	27	100.66498437772744	-2.062279236270115e-12
17	28	90.34893300322004	9.361542652186472e-12
17	29	76.34096329395746	-1.4296688277681825e-11
17	30	63.28908572264105	-4.748699211631902e-12
18	0	123.80593418603777	1.807620719773695e-12
18	1	154.3098642886087	-2.2578205971512943e-12
18	2	143.03269779627706	-1.2868213161709718e-11
18	3	148.19982869729841	4.030198397231288e-13
18	4	149.47865876298556	-4.050093593832571e-12
18	5	148.76266496807975	1.674038685450796e-12
18	6	150.3376744328487	-1.3181988833821379e-11
18	7	142.20368461679232	-1.0635972103045788e-11
18	8	148.72059917899793	-4.120010999031365e-12
18	9	159.510785444628	-2.0815491552639287e-11
18	10	157.21787649227628	-1.2502709978434724e-11
18	11	169.65478633476383	4.469029590836726e-12
18	12	184.77593970201954	-3.2321167964255437e-12
18	13	181.50901632491875	-8.602683010394685e-12
18	14	178.81013257535218	-2.066940396616701e-11
18	15	175.13102544485616	-9.953282642527484e-13
18	16	161.25554958725024	-2.0146444512647578e-11
18	17	145.73993769254074	-2.1288997231749817e-11
18	18	134.2770564130811	-1.543412508908659e-11
18	19	126.9008321431115	-1.350429101876216e-11
18	20	117.25133997270319	-1.3760086403635796e-11
18	21	110.38553547298577	-1.2182113096059766e-11
18	22	111.84896455358503	-9.352447705168743e-12
18	23	109.26588285124834	-4.989146873413119e-12
18	24	108.47761680040365	-4.1450221033301205e-12
18	25	112.08331348411319	-1.4102852219366468e-11
18	26	101.9097482901613	-1.6839862837514374e-11
18	27	88.25075562357497	-1.9608705770224332e-11
18	28	81.38294031176501	3.3503511076560243e-12
18	29	70.50625928856918	-3.338982423883863e-12
18	30	60.40058578119884	5.758238330599852e-13
19	0	121.19812307742984	1.2005330063402653e-12
19	1	150.9224277191321	-2.2856738723930904e-11
19	2	139.90289002073558	2.6636826078174635e-12
19	3	146.19001715017484	-3.677769200294279e-12
19	4	149.3381313538977	-8.132019502227195e-12
19	5	151.12631401521205	-1.860257725638803e-11
19	6	155.45389041302727	-9.165432857116685e-12
19	7	149.54368045264798	-9.725908967084251e-12
19	8	156.88109336697084	-1.63140612130519e-11
19	9	166.68613941197603	-9.665654943091794e-12
19	10	162.0573220116525	-1.2755663192365319e-11
19	11	171.93161280993445	1.4689476302010008e-11
19	12	185.34944241666383	-8.883489499567077e-12
19	13	181.55707462329204	-6.0538241086760536e-12
19	14	178.85912797218649	-9.530367606203072e-12
19	15	174.55863890892599	-2.639012564031873e-11
19	16	158.57078817681588	-1.7076899894163945e-11
19	17	139.3683175626486	-9.176801540888846e-12
19	18	123.26917684814521	-5.650235834764317e-12
19	19	111.1602009523082	-1.9126673578284682e-11
19	20	97.33588989827653	-7.346443453570828e-12
19	21	87.25009361295722	-1.524540493846871e-12
19	22	86.8077868218633	-1.9099388737231494e-12
19	23	84.09970280681402	-1.3063754522590898e-11
19	24	85.36522582900187	-4.646381057682447e-12
19	25	93.15649593612376	-1.1516476661199703e-11
19	26	88.60204035866471	-8.844835974741727e-13
19	27	80.86973506122065	1.6200374375330284e-12
19	28	79.21392273754361	-1.108560354623478e-11
19	29	72.34231326276029	-3.3514879760332406e-12
19	30	65.06228502108559	-1.7994352674577385e-11
20	0	118.52286994760505	5.467200026032515e-12
20	1	148.33890384953125	-1.1880274541908876e-12
20	2	137.90329508348478	-1.4298393580247648e-11
20	3	144.86686098067725	-2.1145751816220583e-13
20	4	148.64039870070508	-9.044924809131772e-12
20	5	151.13263785155223	1.2086047718185e-11
20	6	156.3340540583548	-4.994262781110592e-12
20	7	151.22184143797307	-3.261106940044556e-11
20	8	158.76747536547828	-1.1232259566895665e-12
20	9	167.84932579287408	-4.488356353249401e-12
20	10	161.8250016527501	3.880131771438755e-12
20	11	170.46750920174676	-2.6116140361409634e-11
20	12	183.67393302611939	-2.073534233204555e-11
20	13	180.873163167748	2.559090717113577e-12
20	14	179.6057854966687	-1.6814283299027012e-12
20	15	175.86792173315112	-1.857983988884371e-11
20	16	158.52991312802098	-1.954504114110023e-11
20	17	135.90564151999862	7.02584657119587e-13
20	18	115.0685198905478	-8.780034477240406e-12
20	19	98.07642402581341	-1.5033947420306505e-11
20	20	80.2302821746343	-3.849436325253919e-12
20	21	67.57618520035302	-1.2609007171704433e-11
20	22	66.31944227373326	-2.582964953035116e-12
20	23	64.75265873724128	-1.0143139661522582e-11
20	24	69.18148434319347	-6.298250809777528e-13
20	25	81.8324512033339	-5.695710569852963e-13
20	26	82.95272452778501	-3.5049652069574224e-12
20	27	80.49011564220237	-8.088818503892981e-12
20	28	82.6866674972275	3.376499080331996e-12
20	29	77.93238491355238	1.0619487511576153e-11
20	30	71.44724335959029	-2.644355845404789e-12
20	31	65.01344146412777	-1.5040768630569801e-12
21	0	117.90680697062142	-3.099103196291253e-12
21	1	147.4820648541245	-1.20087406685343e-11
21	2	136.47371627023372	-5.277343007037416e-12
21	3	142.39575296282564	-1.6054855223046616e-11
21	4	144.90054128913667	-1.2819327821489424e-11
21	5	146.500500596209	-3.1593572202837094e-12
21	6	151.75241303756943	1.1721112969098614e-11
21	7	147.70063921992718	-2.3321717890212314e-11
21	8	156.786269216303	-1.1021938917110674e-11
21	9	167.15409815918684	-1.4704255590913818e-11
21	10	161.79821817681662	-3.6709479900309815e-12
21	11	170.75157951396807	-7.059952622512355e-13
21	12	184.48846355817048	1.4347278920467944e-12
21	13	182.71519128547985	2.8830982046201824e-12
21	14	182.5587417552792	-2.9558577807620168e-12
21	15	179.10659637469297	-1.541138772154227e-11
21	16	160.47724830816628	-1.0668372851796449e-11
21	17	134.98097510021617	-9.405312084709295e-12
21	18	110.5041228382989	-1.1907559382962064e-11
21	19	90.25166138357945	1.3426415534922854e-12
21	20	70.37712724994263	-1.0201119948760607e-11
21	24	63.66646992328495	-5.042011252953671e-12
21	25	79.1806485447972	8.526512829121202e-13
21	26	83.04487989777851	4.808953235624359e-13
21	27	82.50318714753699	-1.3108092389302328e-11
21	28	85.32581650031923	-3.5061020753346383e-12
21	29	80.06257828182798	3.922195901395753e-12
21	30	72.73604685286193	1.5235173123073763e-11
21	31	66.09400819345157	3.658442437881604e-12
22	0	119.64128197591785	4.514504325925373e-12
22	1	147.46913408299991	-2.022488843067549e-12
22	2	134.26190295836193	-1.2846612662542613e-13
22	3	137.85905624643325	-4.433786671143025e-14
22	4	138.47089683038155	-1.2348664313321934e-11
22	5	139.36331870666586	-1.198827703774441e-11
22	6	145.65467085307182	-2.276237864862196e-11
22	7	144.28084659527917	-1.1326619642204605e-11
22	8	156.77507316227553	-7.493099474231712e-12
22	9	170.00470561131254	1.1980318959103897e-11
22	10	166.05327537519887	2.6005864128819667e-11
22	11	174.91230545670552	2.2713493308401666e-11
22	12	187.77072085774554	-3.403783921385184e-12
22	13	185.18527784522576	-1.1845031622215174e-11
22	14	184.6527496641833	-7.024709702818654e-12
22	15	181.0182743745377	-9.213181328959764e-12
22	16	161.94869321536103	-2.1216237655607984e-11
22	17	135.62747897866012	1.9149410945829004e-11
22	18	110.31919140473211	-3.833520167972892e-12
22	19	89.7959588627011	-2.973024493257981e-11
22	20	70.46070484214488	-4.006324161309749e-12
22	24	65.45577255671742	7.963762982399203e-12
22	25	79.95677525635142	-3.33102434524335e-13
22	26	82.51441207799778	-8.132019502227195e-12
22	27	80.43526658564359	1.1048086889786647e-11
22	28	81.54679495297363	1.7003003449644894e-11
22	29	74.751526577061	-3.077502697124146e-12
22	30	66.78256613332661	-1.1583551895455457e-11
22	31	61.091836709885655	5.286437954055146e-13
23	0	122.02711020676801	6.592699719476514e-12
23	1	147.07187851137476	-1.086618794943206e-11
23	2	131.37198464842825	-6.796199158998206e-12
23	3	133.2094364733458	-1.7155343812191859e-12
23	4	133.16184551422654	9.309815141023137e-12
23	5	134.85742554438653	-4.5918113755760715e-12
23	6	143.55234379001112	2.28635599341942e-11
23	7	145.73368414416422	-1.34718902700115e-11
23	8	161.7927663445113	-1.368221091979649e-11
23	9	177.17710552374942	7.787548383930698e-12
23	10	173.04023635046659	-2.9899638320785017e-12
23	11	179.52805049266397	1.1762040230678395e-11
23	12	189.02464662574184	1.2701093510258943e-11
23	13	183.63691199808738	8.858478395268321e-12
23	14	181.91923126305562	8.47421688376926e-12
23	15	178.85502873210734	-1.1705196811817587e-11
23	16	161.54445163717548	-2.3303527996176856e-11
23	17	137.466929039243	-2.8425120035535656e-11
23	18	114.45539143414106	6.104983185650781e-12
23	19	96.091484503334	-1.0564917829469778e-11
23	20	78.51720228641253	1.1541487765498459e-11
23	21	67.2069483323821	-2.5272584025515244e-12
23	22	66.94985579090844	5.991296347929165e-12
23	23	65.00959659628417	5.805986802442931e-12
23	24	67.76598923898091	2.219167072325945e-12
23	25	78.23522599673241	6.477876013377682e-12
23	26	77.2053310040746	-1.4279066817834974e-12
23	27	72.44992845349121	-2.8046542865922676e-12
23	28	71.88288751779506	-1.3919816410634666e-11
23	29	64.42508025267948	-1.6124204194056803e-11
24	0	123.57583213873515	1.0119265425601043e-11
24	1	146.63442478802767	-4.495177563512698e-12
24	2	129.98261577263713	3.931290848413482e-12
24	3	131.9450987641425	-1.462922227801755e-11
24	4	132.88830342689317	-1.2626060197362677e-11
24	5	136.2460553976809	6.01062311034184e-12
24	6	147.09674120943026	4.354205884737894e-13
24	7	151.5103813745801	2.2308768166112716e-11
24	8	169.05131447142637	9.952145774150268e-12
24	9	184.17504692030826	2.848082658601925e-11
24	10	177.4987254881262	-1.162106855190359e-11
24	11	179.64136382855887	1.750777300912887e-13
24	12	184.46346681827512	-5.4933479987084866e-12
24	13	175.8786259855529	-4.583853296935558e-12
24	14	173.6491219332118	2.7603164198808373e-12
24	15	172.80323814518238	-7.0417627284768974e-12
24	16	159.46582993291577	1.157104634330608e-11
24	17	139.78075611973563	1.3773160389973783e-11
24	18	120.5311714200399	5.680931280949153e-12
24	19	104.75141442334693	6.360778570524417e-12
24	20	88.34147522571563	-8.416236596531235e-12
24	21	76.58807436077612	1.6916601452976467e-11
24	22	74.1647976841948	-1.1237943908781746e-11
24	23	68.55378883267878	3.792592906393111e-12
24	24	66.86687309315981	4.470166459213942e-12
24	25	73.17815353533872	-1.8178525351686403e-12
24	26	69.1657123063757	-3.6834535421803596e-13
24	27	62.90153177724012	8.645884008728899e-12
24	28	62.00148418184742	-7.649987310287543e-12
25	0	124.64301787963434	2.368096829741262e-12
25	1	147.80609106001106	3.725517672137358e-12
25	2	132.14802678814348	1.149373929365538e-12
25	3	135.52815111866414	9.359837349620648e-12
25	4	137.68906895619767	1.0231815394945443e-12
25	5	141.69500644695896	2.195179149566684e-11
25	6	152.62769260711627	-1.394255377817899e-11
25	7	156.66738289795438	-1.120042725233361e-11
25	8	173.2427053114097	-8.940332918427885e-12
25	9	186.39656986421352	7.424887371598743e-12
25	10	176.46418690259762	1.4639454093412497e-11
25	11	174.43562185721913	9.94532456388697e-12
25	12	175.33026494798784	2.2465656002168545e-11
25	13	164.52598053285124	-5.169340511201881e-12
25	14	162.7336506249369	-2.6352608983870595e-12
25	15	164.84030517054745	-4.129560693399981e-11
25	16	155.83006611564903	-1.7864749679574745e-11
25	17	140.37330139651758	4.893081495538354e-12
25	18	124.18428056527955	5.5979398894123735e-12
25	19	109.9466229984467	1.727357812342234e-11
25	20	93.7232071720274	1.0820713214343414e-11
25	21	81.07866338488041	-5.529727786779404e-12
25	22	76.8880108896408	1.2804548532585613e-11
25	23	68.88120399104457	-8.983533916762098e-12
25	24	64.65346255360494	5.4558313422603535e-12
25	25	68.93612477559486	7.396465662168339e-12
25	26	63.883653551540355	2.2566837287740784e-12
26	0	126.50043504478968	1.636749402678106e-11
26	1	151.26921798149198	-3.876721166307107e-12
26	2	137.1753229031747	-1.4870238373987378e-11
26	3	141.5299944730165	-6.248228601180017e-12
26	4	143.574582140585	1.6304966266034173e-11
26	5	146.31394195653903	-1.4279066817834974e-12
26	6	155.31706770293914	1.0837766240001656e-11
26	7	157.45509772002637	2.906972440541722e-12
26	8	172.51909778079383	2.247020347567741e-11
26	9	184.33157162258883	-6.373284122673795e-12
26	10	172.7000704263077	1.8947048374684527e-11
26	11	168.37246409572006	1.1349357009748928e-11
26	12	166.80588006955423	1.4180159269017168e-11
26	13	154.31990610759516	6.948539521545172e-12
26	14	152.43143999997596	-3.80168785341084e-12
26	15	156.10211408885394	1.8731043383013456e-11
26	16	149.58743050163733	1.3681074051419273e-11
26	17	136.52519070896398	-2.023739398282487e-11
26	18	121.94997577356361	-5.651372703141533e-12
26	19	108.52394640184085	-8.071765478234738e-14
26	20	92.72457495794502	4.330331648816355e-12
26	21	80.4905595139555	2.4067503545666115e-12
26	22	76.74104027637645	2.382876118645072e-12
26	23	69.0229409326938	5.456968210637569e-13
26	24	64.82777932195054	6.800746632507071e-12
26	25	69.01052986978115	-6.732534529874101e-12
26	26	63.90252038054912	1.6481180864502676e-11
27	0	129.2093754540234	-1.1368683772161603e-12
27	1	155.35654570868627	-2.812612365232781e-12
27	2	141.86238384711461	2.6507223083171993e-11
27	3	145.89258385752765	1.748958311509341e-11
27	4	146.62267263493735	-7.105427357601002e-12
27	5	147.34920557029443	1.7802221918827854e-11
27	6	154.36489344936476	1.9838353182421996e-12
27	7	155.35585068685853	8.344613888766617e-12
27	8	170.45083225789898	-2.344677341170609e-11
27	9	183.00236365314515	2.6344650905230085e-11
27	10	171.785120758862	5.8844307204708455e-12
27	11	166.65095911621916	2.6433326638652942e-11
27	12	162.93714525304367	-1.2071268429281191e-11
27	13	147.70518921666826	-1.8446826288709416e-11
27	14	143.55132937794784	-2.2032509150449185e-12
27	15	146.14682803535024	8.640199666842819e-13
27	16	139.74384410965263	-2.9399416234809905e-12
27	17	127.49483909187016	-9.549694368615746e-14
27	18	113.9954302499411	-6.112941264291294e-12
27	19	101.85068693120611	-1.07775122160092e-12
27	20	87.74258588279326	4.4872194848721846e-12
27	21	77.67565467193289	1.21985976875294e-12
27	22	76.23587697164376	-1.226680979016237e-12
27	23	70.37762228173776	2.943465915450361e-11
27	24	67.14516517986047	6.70638655719813e-12
27	25	71.37683229866666	8.105871529551223e-12
27	26	65.72583391381241	1.7748789105098695e-11
28	0	131.1817369700028	1.3444605428958312e-11
28	1	157.55415263754995	7.141807145671919e-12
28	2	143.6933469398284	-2.4949713406385855e-11
28	3	147.03640252898865	-1.2245209290995263e-11
28	4	146.89616632350163	1.3710632629226894e-11
28	5	146.78220736187322	3.272930371167604e-11
28	6	153.42885435433095	3.420950633881148e-11
28	7	155.00439221463787	4.091589289600961e-12
28	8	171.7006519128786	-2.6097950467374176e-11
28	9	186.1891445271067	1.719627107377164e-11
28	10	176.013309959606	1.333546606474556e-12
28	11	169.93789801499085	8.925553629524075e-12
28	12	163.08776180591119	1.4857732821838e-11
28	13	143.4013007227418	1.5921841622912326e-11
28	14	134.9586451319749	3.8403413782361896e-11
28	15	134.69175358216285	-4.30259206041228e-11
28	16	127.30670233011942	-1.573425834067166e-11
28	17	115.62411562255697	6.6143002186436206e-12
28	18	103.60529603974561	-1.3020553524256684e-11
28	19	93.39175645185655	7.067910701152869e-12
28	20	81.46763495370037	1.4156285033095628e-11
28	21	73.66043219859074	1.793068804545328e-11
28	22	74.17204370339573	8.776623872108758e-12
28	23	69.45631969135047	1.8341097529628315e-11
28	24	66.29744476845916	3.1025138014229014e-12
28	25	69.78658265490053	-6.4051164372358475e-12
28	26	63.23027810182082	6.629079507547431e-12
29	0	131.1112797822068	-5.367155608837493e-12
29	1	157.30706471540563	2.8552449293783867e-11
29	2	143.4334351755323	1.806142790883314e-11
29	3	147.17540385067846	-2.8395561457728037e-11
29	4	147.7192676152489	-2.9659759093192404e-11
29	5	148.3302881974242	3.4117420000256972e-12
29	6	155.7052268880793	2.9485818231478335e-11
29	7	158.20732675532906	-2.7815758585347796e-11
29	8	176.1162964611178	8.061533662839792e-12
29	9	191.70504722010338	-6.0720140027115126e-12
29	10	181.64159487578775	4.667754183174111e-11
29	11	173.8543940427997	-5.592255547526292e-12
29	12	163.34449025216315	-2.355704964429606e-11
29	13	138.92119385203364	-1.1974634617217816e-11
29	14	126.14037654430035	1.613670974620618e-11
29	15	123.19637939689187	-1.4351826393976809e-11
29	16	115.18086338834888	3.204831955372356e-12
29	17	104.36462960898982	-4.1359271563123915e-12
29	18	93.73583334460798	-1.2141754268668592e-12
29	19	84.66973545969333	1.6169678929145447e-11
29	20	73.37592058327537	-1.6405010683229193e-12
29	21	65.74226268107311	1.59764113050187e-11
29	22	66.0611680425695	1.5962768884492106e-11
29	23	60.81149364717249	1.7931824913830495e-11
30	0	129.80476671625814	1.2847749530919828e-11
30	1	156.67338259146808	-2.270326149300672e-12
30	2	143.94118228641943	3.466311682132073e-12
30	3	149.15861915830425	3.5686298360815276e-11
30	4	150.998011923818	6.831442078691908e-12
30	5	152.1585700541903	2.7500846044858918e-11
30	6	159.16651093806288	1.7091679183067754e-11
30	7	160.75942087154417	-2.8744580049533397e-11
30	8	177.81256432586542	8.350298230652698e-12
30	9	192.8769947874374	-1.8670789359021e-11
30	10	182.30887848386584	1.3183125702198596e-11
30	11	173.39987966018052	-1.4329089026432485e-11
30	12	160.79105655156576	1.9269918993813917e-11
30	13	133.62892940221727	3.6827714211540296e-11
30	14	118.35566423722223	-3.6762912714038976e-11
30	15	113.97412277256517	-2.547494659665972e-11
30	16	105.70181899941703	1.4006218407303095e-12
30	17	95.15797406943726	-2.346496330574155e-12
30	18	84.38303684736879	4.5815795601811265e-12
30	19	74.16930834754025	1.0427356755826622e-11
30	20	60.84272704698125	3.4531240089563654e-11
31	0	129.37265228472575	1.877765498647932e-11
31	1	157.74237699784294	2.164028956030961e-11
31	2	146.34229999459117	1.0015810403274373e-12
31	3	152.35967584294346	-1.0953726814477705e-11
31	4	153.95753621687066	1.3142198440618814e-12
31	5	153.4616525949891	5.752553988713771e-12
31	6	157.5759816748907	-1.793068804545328e-11
31	7	155.90601608780221	2.068190951831639e-11
31	8	170.50927042411084	1.4085799193708227e-12
31	9	184.74081937889486	-2.097749529639259e-11
31	10	174.88365229558775	-1.2491909728851169e-11
31	11	167.37172814577866	-2.9423290470731445e-11
31	12	155.82174167688692	6.873506208648905e-12
31	13	128.84300234960494	3.1471927286474964e-11
31	14	113.0152466394199	3.2355274015571923e-12
31	15	107.78220248018141	1.0953726814477705e-11
31	16	98.55523696301702	-2.977458279929124e-12
31	17	86.67842958832125	-1.482476363889873e-11
31	18	73.74295043861181	1.5019168131402695e-11
31	19	60.44831356289934	-1.3312728697201238e-11
32	0	130.5156149891699	-1.236458047060296e-11
32	1	159.73786774078053	-2.4522250896552578e-12
32	2	148.0655078867164	2.470187610015273e-11
32	3	152.58518114720067	2.0819470591959543e-11
32	4	151.42434048828085	2.930278242274653e-11
32	5	147.03658395932644	-1.2267946658539585e-11
32	6	146.6953917706244	-2.9774582799291236e-11
32	7	141.12197133255066	8.017195796128362e-12
32	8	153.68362999252332	7.953531167004258e-12
32	9	168.542026611642	1.7118964024120943e-11
32	10	161.7199170832969	-1.1634710972430185e-11
32	11	158.35811551278084	2.6379893824923783e-11
32	12	150.41809192851338	-6.3596417021472004e-12
32	13	125.34880214082001	-4.891944627161138e-11
32	14	109.51849641341458	2.701199264265597e-12
32	15	102.90459549194426	6.6813754528993744e-12
32	16	91.6016133932084	7.969447324285285e-12
32	17	77.32908223254111	-5.140918801771477e-12
32	18	61.75982128360364	9.481482265982777e-13
33	0	131.2806703471013	1.875605448731221e-11
33	1	159.49677431668334	1.1689280654536561e-11
33	2	145.45548432351413	-8.018332664505579e-12
33	3	146.65173207178367	2.3139818949857726e-11
33	4	141.6494423471136	2.4778046281426216e-11
33	5	133.2706801702858	-4.390585672808811e-12
33	6	129.27669771498938	3.101490619883407e-11
33	7	121.17450196629605	4.637286110664718e-12
33	8	133.2452043070001	-2.4226665118476375e-11
33	9	150.15460696052426	-1.3372982721193693e-11
33	10	147.49916418959396	-1.2934151527588255e-11
33	11	149.03960709433008	1.7826096154749393e-12
33	12	145.01874844461244	-1.608327693247702e-11
33	13	121.71513619079172	-5.431957106338814e-12
33	14	105.42567722974485	2.8443309929571114e-11
33	15	97.00712207545901	-9.54287315835245e-12
33	16	83.7040081505434	-2.2548647393705324e-11
33	17	67.98612917360774	1.621401679585688e-11
34	0	129.20165982016258	2.459842107782606e-11
34	1	155.24782829320796	-8.33779267850332e-12
34	2	138.41193331536203	8.923279892769642e-12
34	3	136.7925902698264	2.2509993868879975e-12
34	4	129.36745500005873	1.8417267710901797e-11
34	5	119.01724578305164	-3.27474936057115e-11
34	6	113.4285860117319	2.7466739993542433e-12
34	7	104.26070856668566	-2.1657342585967854e-12
34	8	116.26456331675874	2.2887434170115738e-11
34	9	134.5485076288166	-7.667040335945785e-12
34	10	134.60975955953262	1.5575096767861396e-11
34	11	139.36926120006203	8.417373464908452e-12
34	12	137.8720112154364	-1.7702177501632833e-11
34	13	115.58108413150688	1.583430275786668e-11
34	14	98.90215850581112	1.8961827663588337e-11
34	15	89.63801075911175	1.944385985552799e-11
34	16	76.15988641859572	3.9831320464145394e-11
34	17	61.51854080862899	1.0371650205343031e-11
35	0	124.62354014867317	1.7661818674241657e-11
35	1	149.4794506102918	-1.9312551557959523e-11
35	2	131.72032870080403	-1.397495452692965e-11
35	3	129.69540557057093	1.7912498151417822e-11
35	4	122.32390208158542	2.0697825675597415e-11
35	5	112.00531655507892	4.8186734602495564e-11
35	6	105.8225393190433	-4.6593982006015725e-11
35	7	95.21814865409642	-1.045748376782285e-11
35	8	105.38556101704471	6.342588676488958e-12
35	9	122.2860361307388	5.310880624165293e-12
35	10	122.07339406112364	3.693116923386697e-12
35	11	127.65879317212465	1.0569465302978642e-11
35	12	127.47976012133688	3.595687303459272e-11
35	13	106.35062501289894	5.821448212373071e-11
35	14	90.55812352074383	-4.532694219960831e-12
35	15	82.41093323818619	-1.3355929695535452e-11
35	16	70.94572885065351	1.2506120583566371e-11
36	0	121.14759255999428	5.3552184908767235e-12
36	1	147.18865423967296	1.2077521205355879e-11
36	2	130.9665178121499	2.1867663235752843e-12
36	3	130.5477038629474	-2.1163373276067432e-11
36	4	124.40882574409183	-2.2876065486343577e-11
36	5	114.2681303587035	1.9078356672252994e-11
36	6	106.56438811731186	-5.419451554189436e-12
36	7	92.63837336521199	2.3281927497009746e-11
36	8	98.43367626410385	5.321680873748847e-12
36	9	111.2798303857383	5.279161996440962e-11
36	10	108.61497858889255	4.3856402953679206e-11
36	11	113.8645512557729	-4.490630090003833e-12
36	12	115.04662831437189	3.0809133022557946e-12
36	13	96.08242651584895	3.230638867535163e-11
36	14	82.58233421099546	6.107825356593821e-12
36	15	76.76188194152849	2.6039970180136153e-11
36	16	67.94153840044282	-5.337597031029873e-12
37	0	122.10777659637519	-3.938112058676779e-12
37	1	150.8303737356857	-9.662244337960146e-12
37	2	136.93138938173902	6.536993168992922e-14
37	3	138.04614005422437	4.29764668297139e-12
37	4	132.33816083966968	1.86003035196336e-11
37	5	121.16284684502627	-2.236248519693618e-11
37	6	110.65305571289973	5.303490979713388e-13
37	7	92.27842638284108	1.1853842352138599e-11
37	8	92.84347253751078	-3.176012342009926e-11
37	9	101.10484469236246	1.3825172118231422e-11
37	10	95.83819653193315	6.574225608346751e-12
37	11	100.98834025919574	3.451617658356554e-11
37	12	104.01757262387042	4.7741650632815435e-11
37	13	87.64354713568089	-2.1770745206595166e-11
37	14	76.423526938542	1.4904628642398165e-11
37	15	72.24776008173401	1.7671482055447995e-11
37	16	64.80853217330437	1.311803998760297e-11
38	0	126.68590935902013	-5.183267148822779e-12
38	1	157.31980092920426	-4.984030965715647e-12
38	2	144.44891520055725	-5.180424977879739e-12
38	3	145.64490747364783	-2.827988510034629e-11
38	4	139.24207949731573	-3.0340174816956278e-12
38	5	126.6674649502835	-1.1665690635709325e-12
38	6	113.933680795106	1.22021504012082e-11
38	7	92.4707380598739	-3.860947117573232e-12
38	8	89.4931157874797	-2.0486936591623818e-11
38	9	94.66181924340468	8.963638720160816e-12
38	10	87.70934063701785	-1.5048868817757466e-11
38	11	92.95177972854319	3.565432393770607e-11
38	12	97.32796221001917	1.7767831650417065e-11
38	13	82.4621211475409	1.8576287175164908e-11
38	14	72.00514088604969	5.830912641613395e-11
38	15	67.75256895654033	4.411759846334462e-11
38	16	60.139019425576855	-1.917513259286352e-11
39	0	130.1877350217764	-2.0339996353868627e-11
39	1	160.66237322925446	-3.805666892731097e-13
39	2	147.2316474270566	1.8096102394338233e-11
39	3	147.84711064779654	-3.3904257179528942e-12
39	4	141.3025439186808	-1.9909975890186615e-11
39	5	129.1388986012075	-4.7461412577831655e-12
39	6	116.95682313327313	8.195399914256996e-12
39	7	95.52850210552417	-1.43793954521243e-11
39	8	91.70095159571382	2.3057395992509555e-11
39	9	95.38626833039726	1.5062084912642605e-11
39	10	86.99873471851298	3.8102712096588224e-11
39	11	91.40600647781643	1.7948025288205827e-11
39	12	95.52216612392287	-5.63005642106873e-12
39	13	80.44644290812221	1.3358487649384187e-11
39	14	69.35998660890172	3.0160549613356126e-11
39	15	64.20807199536537	8.957101726991824e-12
39	25	62.67960077707182	2.331319137738319e-11
39	36	60.28408794532342	-4.209539383737138e-12
40	0	128.6562853391571	-2.4371615836571436e-12
40	1	157.77523702712577	-5.6476778809155805e-12
40	2	143.77669728020052	-1.4796057712374023e-11
40	3	145.00997331309347	2.8065301194146742e-11
40	4	140.51809806560786	-1.769222990333219e-11
40	5	131.58285043639	1.1723955140041653e-12
40	6	122.89278170079353	7.0042460720287635e-12
40	7	103.988439021386	-1.615006794963847e-11
40	8	100.83287667694327	1.0775806913443375e-11
40	9	103.32504608182761	-1.6967760529951192e-13
40	10	92.70034350295073	-3.106492840743158e-13
40	11	94.90328738165513	-5.720437457057415e-12
40	12	97.51606827342356	1.662073145780596e-11
40	13	81.6607789051245	3.178854512952967e-11
40	14	70.2236821165347	-2.1682069473172305e-11
40	15	65.07981287644373	-1.5916157281026244e-11
40	19	66.53677200725421	2.0933725863869767e-11
40	20	69.20511517325691	7.823928172001616e-12
40	21	71.56887765157578	2.1773587377538207e-11
40	22	78.87316394443539	3.2814284622872945e-11
40	23	78.51625621596479	3.489105893095257e-11
40	24	76.75003391313324	3.325851594127016e-11
40	25	77.89122116742793	1.9582273580454057e-11
40	26	66.58188086325222	-2.3382540348393376e-12
40	30	60.0488394908298	-1.134878857556032e-12
40	31	64.19307310195467	-7.677840585529338e-12
40	32	62.77656282908947	2.0129675704083638e-11
40	36	60.45462069225052	-4.189615765426424e-11
41	0	123.02801411202732	1.0957705853797962e-11
41	1	151.38724382810773	7.384528544207569e-12
41	2	138.1936876544282	-1.591928366906359e-11
41	3	141.79311827250407	-3.231519940527505e-11
41	4	141.05539686658284	1.2185523701191414e-11
41	5	136.70353075335808	1.188766418636078e-11
41	6	132.3693880473345	-2.592457803984871e-11
41	7	116.32628802062288	-1.0932410532404902e-11
41	8	113.69258113024681	-7.287894732144196e-12
41	9	114.49535187549846	2.5426913907722337e-11
41	10	101.07779398806075	-5.697984306607396e-12
41	11	100.85650281642884	-2.8072122404410037e-12
41	12	102.42303916150799	3.3290348255832213e-12
41	13	86.99261089921688	-9.570157999405638e-12
41	14	76.83295068385331	3.2218849810305983e-12
41	15	73.11283622255985	3.9411247598764023e-11
41	16	67.21286370207197	2.145014832422021e-11
41	17	65.78976485028987	1.4763088529434755e-11
41	18	71.10681332661645	2.5774795631150482e-11
41	19	79.77668215560828	2.2085941964178347e-11
41	20	83.09841314556797	3.8528185086761366e-11
41	21	85.01205577334362	1.4253203062253306e-11
41	22	90.76242213092503	2.3819097805244384e-11
41	23	88.23893176696193	1.708713170955889e-11
41	24	84.31729394025146	4.304752110328991e-12
41	25	83.66666437216799	1.9304025045130403e-11
41	26	70.91631230277117	1.507032720837742e-11
41	30	62.03457462759497	-1.6476633390993812e-11
41	31	66.594092617289	1.7588490663911217e-11
41	32	64.99772557768804	-7.300968718482181e-12
42	0	118.17918310277844	1.288867679249961e-11
42	1	146.8582361819272	1.8175114746554755e-11
42	2	135.22139165959427	-3.352056410221849e-11
42	3	141.28271160628034	-2.8825866138504353e-11
42	4	143.64031304201046	6.231175575521775e-12
42	5	142.6646241136504	2.0691004465334117e-12
42	6	141.3567259906475	-4.099661055079196e-11
42	7	127.17140343869201	-1.1733618521247991e-11
42	8	124.67414721811605	-2.0884272089460867e-11
42	9	124.09742826702096	1.19382548291469e-11
42	10	108.81622598479237	1.7331558410660366e-11
42	11	107.5736122423482	2.4405153453699315e-11
42	12	109.7679424305624	5.2723976295965256e-11
42	13	96.39050118097568	-8.31107627163874e-12
42	14	88.62690419029681	2.004185262194369e-11
42	15	86.42021814777502	1.0128360372618772e-11
42	16	80.49480173501792	6.6194161263410935e-12
42	17	77.63727012172615	3.4808635973604397e-11
42	18	80.69062696840629	4.734090452984674e-11
42	19	86.78815931121522	2.545107236073818e-11
42	20	87.45566157417976	8.959091246651952e-12
42	21	86.7263773908174	3.0173623599694113e-11
42	22	90.08876852277358	3.443005880399142e-11
42	23	85.86964509010541	1.0406324690848123e-11
42	24	81.28856795710156	1.0830945029738359e-11
42	25	80.91928336726254	6.107256922405213e-12
42	26	68.81659632554928	-8.648157745483332e-12
42	31	61.82506521986266	2.0904167286062147e-11
43	0	117.67408241440172	1.0952021511911881e-11
43	1	146.34130103567793	1.1320935300318524e-11
43	2	134.99172248882243	-1.0035137165687046e-11
43	3	141.4453113404362	9.25524545891676e-12
43	4	144.40622877559048	2.764863893389702e-11
43	5	144.46991425054676	-3.594777808757499e-12
43	6	144.61812457117009	2.477236193954013e-12
43	7	131.8929848206884	-2.250260422442807e-11
43	8	130.32867932582943	-2.0883135221083648e-11
43	9	129.99907199774955	4.013145371573046e-12
43	10	114.73991936915576	-1.1251586329308338e-11
43	11	114.0820080268059	2.227693585155066e-12
43	12	117.87705582179908	-2.4637643036840018e-11
43	13	106.73070359844178	1.8084733710566072e-11
43	14	100.69869366396597	4.020421329187229e-11
43	15	98.51804580189456	7.538574209320359e-12
43	16	90.38513094752481	-1.674663963058265e-11
43	17	83.52834861165341	3.370018930581864e-11
43	18	81.8648491536936	3.540264970069984e-11
43	19	83.59034681072477	3.195054887328297e-11
43	20	80.8351437312057	6.70922872814117e-12
43	21	77.78422005688695	1.863270426838426e-11
43	22	79.90982437716968	1.3487806427292526e-11
43	23	75.54211946033813	2.1865389498998412e-11
43	24	71.81718928524577	1.2591954146046192e-11
43	25	72.9040207268421	2.2211565919860732e-11
43	26	62.11063771278922	2.825174760801019e-11
44	0	119.89894227630083	1.2831833373638802e-11
44	1	146.69889682003236	-1.2350938050076366e-11
44	2	133.3329459555762	4.105231710127555e-12
44	3	137.853369941535	3.141963134112302e-11
44	4	139.50032716919597	6.677964847767726e-12
44	5	139.47897849078524	4.9319623940391465e-11
44	6	140.99439975126114	2.055458026006818e-11
44	7	130.64677926088888	2.1426558305392973e-11
44	8	131.56904837254618	-4.144794729654677e-11
44	9	133.0534269154266	-1.6922285794862545e-11
44	10	118.76263871900962	-2.2104131858213805e-11
44	11	118.64497369079076	1.2328200682532042e-11
44	12	123.04229051784196	-2.385831976425834e-11
44	13	112.55011685704038	4.1638941183919086e-11
44	14	106.59133548710825	-2.520891939639114e-11
44	15	103.10149184416956	8.152483133017086e-12
44	16	91.97111118771991	3.598643161240034e-11
44	17	80.94727265027664	1.4500756151392124e-11
44	18	75.02321311845546	2.4334667614311912e-11
44	19	73.39643337743813	-1.3801582099404187e-12
44	20	68.63082101620824	3.738250597962178e-11
44	21	64.7550696532985	3.659124558907934e-11
44	22	66.85074160395436	1.1726797310984694e-11
44	23	62.96675683307699	3.599211595428642e-11
44	24	60.102683193583196	1.1330030247336253e-11
44	25	62.224265216972256	1.4020997696206905e-11
45	0	119.96738667205393	2.6935822461382487e-11
45	1	143.52200819627183	-8.484448699164204e-12
45	2	127.2468320369856	2.149931788153481e-11
45	3	129.58661083722583	-1.7902266336022876e-11
45	4	130.27279213832924	-4.0259919842355884e-11
45	5	130.94887354001605	-7.702283255639486e-12
45	6	134.8127119077994	-4.466414793569129e-11
45	7	127.7428698199417	-4.7630237531848256e-11
45	8	131.63692036229838	3.6453684515436184e-11
45	9	134.67784078006596	-1.5010073184384965e-11
45	10	120.18568794253176	1.688249540165998e-11
45	11	118.67550418616727	3.8938878788030705e-11
45	12	121.48421510354304	2.338538251933642e-11
45	13	109.89837348642612	6.191839929670095e-11
45	14	103.31380492213485	3.86216925107874e-11
45	15	99.11719591934485	3.592390385165345e-11
45	16	86.71580498884897	4.351022653281689e-11
45	17	73.89469095523269	7.083713171596174e-11
45	18	66.16241161500348	1.0643361747497693e-11
45	19	63.25540677091115	-5.680931280949153e-12
46	0	115.47538807352124	8.697043085703626e-12
46	1	136.82175354562318	-4.743014869745821e-12
46	2	119.38641006619152	2.1807409211760386e-11
46	3	121.60623651124506	-2.7065425456385127e-11
46	4	123.1573476098438	3.154809746774845e-11
46	5	125.63720362871709	5.3887561080046e-11
46	6	131.979138162418	3.861941877403296e-12
46	7	127.34211460362613	5.3694293455919255e-12
46	8	132.56870624545604	-3.342393029015511e-13
46	9	134.99737655621306	2.8171598387416453e-11
46	10	117.93012031487841	2.0970674086129294e-11
46	11	112.86435098810193	5.481979314936325e-12
46	12	112.63154070823137	8.750816959945951e-11
46	13	99.67068684553533	5.1954884838778526e-11
46	14	93.56701139055549	-2.900151230278425e-11
46	15	90.9688332910734	-3.479158294794616e-11
46	16	80.22074523855078	-3.91355570172891e-11
46	17	68.38992707814582	1.2825012163375505e-11
46	18	60.86377516876375	3.170384843542706e-11
47	0	109.7583107975995	3.0797764338785782e-12
47	1	131.95036105351264	-2.6886937121162193e-12
47	2	116.32786199244767	-1.283524397877045e-12
47	3	120.68019082985742	7.13271219865419e-12
47	4	124.09327335926547	1.420630724169314e-11
47	5	127.887942659364	3.007585291925352e-11
47	6	134.9158931794148	2.9067450668662787e-11
47	7	130.14477411010313	1.9684875951497816e-11
47	8	134.01811612792434	5.804622560390271e-11
47	9	133.57688334406606	-1.5324985724873842e-11
47	10	112.42143754889318	1.5521663954132237e-11
47	11	103.14448864137294	-1.4035776985110716e-11
47	12	100.07485318682095	1.5767227523610927e-11
47	13	86.74181409102103	2.507817953301128e-11
47	14	82.75079797328802	1.3675389709533193e-11
47	15	83.67609758422597	1.365833668387495e-11
47	16	76.32906973846673	2.2338326743920335e-11
47	17	66.61339183320817	1.5332943803514354e-11
48	0	108.81438603372467	-8.857341526891104e-12
48	1	134.41617578494473	2.063416104647331e-11
48	2	122.17240072098471	2.2646418074145915e-12
48	3	128.94291909616183	1.2845475794165396e-11
48	4	133.18624844376706	3.0468072509393096e-11
48	5	136.21432413615585	-1.3792487152386458e-11
48	6	141.35738712573342	-2.962337930512149e-11
48	7	134.09535991927683	-3.5256562114227564e-11
48	8	135.0642023618763	1.4836132322670892e-11
48	9	131.25491877787871	5.26142684975639e-12
48	10	106.40314867897003	1.4586021279683338e-11
48	11	93.76228903290742	2.5491999622317964e-11
48	12	88.70025933255668	2.210640559496824e-11
48	13	75.55045535783664	6.379082151397597e-11
48	14	73.86665986117792	2.373326424276456e-11
48	15	78.20768542262648	4.085222826688551e-11
48	16	73.94441792410313	3.185505192959681e-11
48	17	65.92572236299677	7.553353498224169e-12
49	0	114.95751859850512	2.985530045407359e-11
49	1	143.98142047231954	-1.7689671949483454e-11
49	2	134.17248097675102	-2.233377927041147e-11
49	3	141.75746588412844	4.126832209294662e-13
49	4	144.95440353073025	-1.4540546544594691e-11
49	5	145.4842563894503	-3.269633452873677e-12
49	6	147.5623304179181	1.2905729818157851e-11
49	7	137.48902602750627	-1.1924612408620305e-11
49	8	136.16579000486973	1.5804744180059062e-11
49	9	130.26847120120618	1.965190676855855e-11
49	10	103.10606185387418	4.9225263865082526e-11
49	11	87.95239865444942	-1.7416823538951578e-11
49	12	80.7926674084198	4.5580463847727516e-11
49	13	66.7635045530115	1.6815420167404227e-11
49	14	65.77430209443426	4.2472265704418536e-11
49	15	71.97571465061336	7.477183316950687e-11
49	16	69.84316715430715	-1.675289240665734e-11
49	17	63.48605662256351	-1.6873400454642253e-11
