_
0	0	84.7763272340652	3.426521288929507e-12
0	1	116.32909859654382	5.945821612840519e-12
0	2	117.07840806977724	2.311253410880454e-12
0	3	111.85749784057778	2.1543655748246237e-12
0	4	117.19474356176404	6.508571459562518e-12
0	5	122.37331392757056	7.042899596854113e-12
0	6	119.37083649871934	2.0406787371030077e-12
0	7	116.1543754712526	-1.4790657587582245e-12
0	8	114.73263901411663	-4.206412995699793e-14
0	9	105.33114627833108	2.0406787371030077e-12
0	10	86.85225808491818	1.248281478183344e-12
0	11	69.65810969597051	-1.6484591469634324e-13
1	0	89.14080534148182	5.661604518536479e-13
1	1	121.791604235066	3.042259777430445e-12
1	2	123.36558715331175	-3.2969182939268646e-14
1	3	118.53968414217634	-6.707523425575346e-13
1	4	123.75571559488466	3.009290594491176e-12
1	5	128.30183133965556	3.826698957709596e-12
1	6	124.2563053059005	-7.548806024715305e-13
1	7	119.76772318345648	-5.040874384576455e-12
1	8	117.07628825593895	-4.191633706795983e-12
1	9	106.64822276573268	-1.9895196601282805e-12
1	10	87.59343766638	-3.034301698789932e-12
1	11	70.41294255811441	-4.160938260611147e-12
1	19	66.17017052503608	-5.6547833082731815e-12
1	20	71.38133230892677	-2.198703441536054e-12
1	21	70.74045658432358	-1.0629719326971098e-12
1	22	68.73265352852553	2.2737367544323207e-14
1	23	67.9273651121947	7.037215254968033e-13
1	24	64.62254268745895	-1.3312728697201238e-12
2	0	92.84226352845566	-1.6427748050773518e-12
2	1	126.0871730600423	1.20508047984913e-13
2	2	127.89164707949593	-3.475406629149802e-12
2	3	122.90165905778902	-3.0809133022557946e-12
2	4	127.60798116442791	2.6614088710630313e-12
2	5	131.42182670518042	1.723492459859699e-12
2	6	126.59703689672007	-4.339426595834084e-12
2	7	121.47723785091796	-9.10745256987866e-12
2	8	118.4796702999503	-8.288907338283024e-12
2	9	108.19563060741628	-4.9806203605839985e-12
2	10	89.78480726932975	-5.419451554189436e-12
2	11	73.7146275273276	-6.751861292286776e-12
2	12	63.44278965348422	-6.467644197982736e-12
2	17	64.2228587955138	-8.961933417594991e-12
2	18	70.41860224107288	-7.502194421249441e-12
2	19	78.37421183347745	-4.0506620280211794e-12
2	20	83.32108977515769	-2.7910118660656736e-12
2	21	82.15593153996271	-3.876721166307107e-13
2	22	79.42529572120165	-1.659827830735594e-13
2	23	77.74515336521989	-3.6607161746360364e-13
2	24	73.44353436677761	-3.254854163969867e-12
2	25	66.22480646550822	-3.5208813642384487e-12
2	26	61.098830321567306	-3.2923708204180003e-12
3	0	95.01710144089363	-3.1866420613368974e-12
3	1	128.33845208876588	-2.850129021680914e-12
3	2	129.85610541489694	-5.013589543523267e-12
3	3	124.30401060664919	-5.896936272620224e-12
3	4	128.33488838050917	-2.4999735614983367e-12
3	5	131.56468957954286	1.4824763638898731e-12
3	6	126.45246378138503	-8.407141649513506e-12
3	7	121.50330326924885	-1.1544898370630107e-11
3	8	119.21595882078702	-1.1607426131376998e-11
3	9	110.16329246490479	-7.963762982399203e-12
3	10	93.38745980145885	-7.578364602522924e-12
3	11	79.16082430123714	-1.0542180461925455e-11
3	12	70.70596563923067	-1.0758185453596524e-11
3	13	63.179490497745604	-1.3415046851150692e-11
3	15	60.850915274188374	-1.194393917103298e-11
3	16	68.37035262570078	-7.62156560085714e-12
3	17	74.30483997035671	-5.439915184979327e-12
3	18	79.68953615434137	-5.9890226111747324e-12
3	19	86.64501524447458	-4.092726157978177e-14
3	20	90.55350883875903	-1.8667378753889354e-12
3	21	88.42339253228776	-1.5609202819177881e-12
3	22	84.8574344482033	-1.6211743059102446e-12
3	23	82.47203310706475	-1.6086687537608669e-12
3	24	77.5541098618514	-2.858087100321427e-12
3	25	69.74906128241491	-6.1118043959140775e-12
3	26	64.01569378601621	-6.4437699620611965e-12
3	27	60.75579126086655	-3.1718627724330875e-12
4	0	95.36611176635078	-3.3423930290155115e-12
4	1	128.34211687294007	-3.1354829843621703e-12
4	2	129.22037808416803	-5.168203642824665e-12
4	3	122.91608913582068	-5.027231964049861e-12
4	4	126.3188335610288	-3.1013769330456854e-12
4	5	129.28613384046443	1.226680979016237e-12
4	6	124.46783292393475	-3.5481662052916364e-12
4	7	120.46167045204439	-6.147047315607779e-12
4	8	119.7329025186547	-3.4026470530079677e-12
4	9	112.69322799096885	-4.1745806811377405e-12
4	10	98.12208770497409	-4.046114554512315e-12
4	11	85.97620304470867	-6.654090611846186e-12
4	12	79.17038056226743	-7.81938069849275e-12
4	13	72.62111008604667	-1.6883632270037196e-11
4	14	67.72238762333906	-1.8945911506307312e-11
4	15	69.86023653778096	-1.3400267562246882e-11
4	16	76.11708483246477	-7.818243830115534e-12
4	17	80.37262813997397	-9.844143278314732e-12
4	18	83.94388175316872	-9.906671039061621e-12
4	19	89.22288790561379	-4.679350240621716e-12
4	20	91.80218122439555	-2.6716406864579767e-12
4	21	88.80553784535915	-1.823536877054721e-12
4	22	84.84588253673812	-7.321432349272073e-13
4	23	82.45814993912855	-3.2093794288812206e-12
4	24	77.78864597377219	-5.577476258622483e-12
4	25	70.32499468070255	-9.106315701501445e-12
4	26	64.8915481581315	-1.0436451702844351e-11
4	27	61.80796775162401	-7.502194421249441e-12
5	0	94.21978651319651	-1.2653345038415865e-12
5	1	126.59086166880778	-2.867182047339156e-12
5	2	126.6718670285236	-3.9267433749046176e-12
5	3	119.61525336452364	-7.546532287960872e-12
5	4	122.57873546645382	-2.3374013835564254e-12
5	5	125.65608786127018	-2.2373569663614034e-12
5	6	121.64131722297896	-7.382823241641745e-12
5	7	119.14100732682378	-1.2146301742177457e-11
5	8	120.4787298525209	-7.837570592528209e-12
5	9	115.79168894179062	-4.218918547849171e-12
5	10	103.50008678660666	-6.781419870094396e-12
5	11	93.18542816074267	-6.207301339600235e-12
5	12	87.4461747749413	-8.542428986402229e-12
5	13	81.00600269497869	-8.874394552549348e-12
5	14	75.22989785288789	-1.0720668797148391e-11
5	15	75.64572058449394	-1.2659029380301946e-11
5	16	79.62094160499079	-6.563141141668894e-12
5	17	81.4074169556429	-1.0599023880786263e-11
5	18	82.7093463372218	-1.1376641850802117e-11
5	19	86.24860176103532	-5.520632839761675e-12
5	20	87.83287935389903	-7.272547009051777e-12
5	21	84.65567800382262	-4.108642315259203e-12
5	22	81.25506651700579	-5.809397407574579e-12
5	23	79.97677975623435	-6.99628799338825e-12
5	24	76.71440375401761	-6.879190550534986e-12
5	25	70.69776115073869	-9.880523066385649e-12
5	26	66.54048122545673	-1.1293650459265337e-11
5	27	64.43302354111397	-9.18475961952936e-12
5	28	60.39027724809159	-8.178631105693057e-12
6	0	92.38663079758011	-2.744400262599811e-12
6	1	124.06732000199267	1.0368239600211383e-12
6	2	123.36138532819807	-3.818740879069083e-12
6	3	115.67477795084652	-4.6213699533836914e-12
6	4	118.42517378068534	1.872422217275016e-12
6	5	121.90674590674848	1.814441930036992e-12
6	6	118.9971542024784	-6.350546755129471e-12
6	7	118.23596539341678	-1.0966232366627083e-11
6	8	121.72793452350004	-9.902123565552757e-12
6	9	119.27349206848514	-9.565610525896773e-12
6	10	108.90096648320097	-4.573621481540613e-12
6	11	99.8238290218782	-1.1276597433607094e-11
6	12	94.37431607851144	-1.5452314983122053e-11
6	13	87.17138226086684	-7.644302968401461e-12
6	14	79.66467134273516	-1.5608065950800664e-11
6	15	77.64550198785115	-9.207496987073682e-12
6	16	78.87642068597539	-1.3778844731859863e-11
6	17	78.0621245256267	-5.676383807440288e-12
6	18	77.33264364325285	-9.154064173344522e-12
6	19	79.73091781955915	-2.2146195988170803e-12
6	20	81.22628703918502	-3.2639491109875963e-12
6	21	78.99349597488855	-3.4219738154206427e-12
6	22	77.38704253384654	-5.621814125333913e-12
6	23	78.45113926045111	-5.002220859751105e-12
6	24	77.72613035687958	-1.2494183465605602e-11
6	25	74.10691705432203	-1.2182681530248373e-11
6	26	71.94893510715013	-8.218421498895624e-12
6	27	71.29622378559826	-1.2912551028421148e-11
6	28	68.13525368056801	-1.2469172361306847e-11
6	29	63.777159251277055	-2.0982042769901455e-11
6	30	61.93789955090112	-1.62367541634012e-11
7	0	90.8473627987826	-1.5074874681886285e-12
7	1	121.89078383103993	1.5722889656899497e-12
7	2	120.51164844701634	-1.723492459859699e-12
7	3	112.35140631688643	2.4760993255767973e-12
7	4	115.05140776077484	-2.4294877221109347e-12
7	5	119.05618407083276	-5.047695594839752e-13
7	6	117.272065091531	-1.0012399798142725e-11
7	7	118.1232392028204	-1.4954366633901372e-11
7	8	123.46588934621012	-1.2166765372967347e-11
7	9	122.76227536322558	-1.0203393685515039e-11
7	10	113.68096645614051	-8.406004781136289e-12
7	11	105.13205309228837	-6.220943760126829e-12
7	12	99.2713414482914	-4.387175067677163e-12
7	13	90.71523573419113	-8.078586688498035e-12
7	14	81.09666408969981	-1.2940972737851552e-11
7	15	76.5493419501649	-8.901679393602535e-12
7	16	75.27680710082764	-3.716422725119628e-12
7	17	72.44145850705283	-1.2685177352977916e-11
7	18	70.56167426830375	-8.38781488710083e-12
7	19	72.9271965260999	-1.3645831131725572e-11
7	20	75.56915747068584	-5.793481250293553e-12
7	21	75.53271180760798	-1.1646079656202346e-11
7	22	76.88223261042482	-1.2603322829818353e-11
7	23	81.27140661534952	-8.71068550623022e-12
7	24	83.82511135459424	-1.145849637396168e-11
7	25	83.07200693405127	-1.380612957291305e-11
7	26	83.10798438266382	-1.5954810805851594e-11
7	27	83.85428155901458	-6.514255801448599e-12
7	28	81.3101026458255	-1.1970087143708952e-11
7	29	76.90595233419931	-1.6566445992793888e-11
7	30	74.53688296718138	-1.9919070837204345e-11
7	31	71.484532787381	-1.9385879568289967e-11
7	32	64.03808902105706	-1.3189946912461891e-11
8	0	90.40938991126235	4.2291503632441165e-13
8	1	120.94456583492405	-7.526068657170981e-13
8	2	119.03363327699083	-5.081801646156237e-12
8	3	110.51201865126743	-3.0183855415089057e-12
8	4	113.19478645615736	-2.0122570276726036e-12
8	5	117.62885931910388	2.6136603992199527e-12
8	6	116.71518450457305	-1.0761596058728173e-11
8	7	118.75325846536629	-1.4822489902144297e-11
8	8	125.37325131848495	-1.29864474729402e-11
8	9	125.75512925706448	-8.428742148680613e-12
8	10	117.29175152911061	-1.0654730431269854e-11
8	11	108.69078142975826	-1.3076260074740275e-11
8	12	102.03386770218685	-3.37536221195478e-12
8	13	92.02136014364272	-1.6228796084760688e-11
8	14	80.52481799709491	-4.913545126328245e-12
8	15	74.0338829433909	-1.531589077785611e-11
8	16	71.1609250467098	-5.543370207305997e-12
8	17	67.45188354593654	-9.749783203005791e-12
8	18	65.70784080670077	9.231371222995223e-13
8	19	69.34353915527501	-1.0675194062059746e-11
8	20	74.33118354666792	2.7182522899238393e-12
8	21	77.48274812620457	-9.085852070711553e-12
8	22	82.49818235813154	-9.001723810797558e-12
8	23	90.60218428542181	-7.837570592528209e-12
8	24	96.50196755048287	-1.503167368355207e-11
8	25	98.38907404596246	-1.0059011401608587e-11
8	26	100.15166365884993	-8.008100849110633e-12
8	27	101.65253311324814	-8.33779267850332e-12
8	28	98.97097584037358	-5.517222234630026e-12
8	29	93.71983407509671	-1.5318164514610545e-11
8	30	90.02737026125433	-1.2923919712193311e-11
8	31	85.40580700741494	-1.8098944565281274e-11
8	32	76.32896908300594	-6.8712324718944726e-12
8	33	67.30188070097167	-1.2721557141048834e-11
8	34	63.308605032072414	-7.180460670497269e-12
8	35	60.72580665299455	1.815578798414208e-12
9	0	91.44427265178011	-2.119122655130923e-12
9	1	121.61158947346827	4.015419108327478e-12
9	2	119.27726015942352	-1.3812950783176348e-12
9	3	110.41806151490792	-4.2223291529808194e-12
9	4	112.97269597802766	2.9456259653670713e-12
9	5	117.5567560885976	3.968807504861616e-12
9	6	117.06070446184862	-8.365077519556507e-12
9	7	119.69050034473133	-7.433982318616472e-12
9	8	126.91842011733534	-1.6641479305690154e-11
9	9	127.74007464329343	-7.214566721813753e-12
9	10	119.38613452631749	-1.1664269550237806e-11
9	11	110.47198660489495	-2.189608494518325e-12
9	12	103.0917702942223	-8.799361239653081e-12
9	13	92.07559030756521	-1.3897079043090345e-11
9	14	79.52762586741638	-1.5271552911144683e-11
9	15	72.23335064246064	-1.1519887266331352e-11
9	16	69.10689012479686	-1.3710632629226894e-11
9	17	65.93890110610663	-9.360974217997864e-12
9	18	65.66313628881802	-1.1149268175358885e-11
9	19	71.68008741490097	-5.8162186178378765e-12
9	20	79.79400134331928	-3.325340003357269e-12
9	21	86.51838487044982	-5.487663656822406e-12
9	22	95.17281083826812	-5.906031219637953e-12
9	23	106.58368795717828	-1.0826397556229495e-11
9	24	115.10827765774496	-1.2421423889463768e-11
9	25	118.69168983044212	-1.4333636499941349e-11
9	26	121.112732178172	-1.2847749530919828e-11
9	27	122.26830849136832	-4.803268893738277e-12
9	28	118.39495300108625	-2.5443114282097666e-12
9	29	111.34498077059968	-8.590177458245307e-12
9	30	105.51700841364288	-1.2031478036078624e-11
9	31	98.67432060109468	-8.99490260053426e-12
9	32	87.48391692549578	-5.953779691481032e-12
9	33	76.56597192887537	-3.667537384899333e-12
9	34	70.94201154772692	-1.0523990567889997e-11
9	35	66.96633001766162	-4.873754733125679e-12
9	36	60.28123805155973	-4.349658411229029e-12
10	0	93.7945549905603	4.597495717462152e-12
10	1	123.70020721333326	-2.132765075657517e-12
10	2	120.98869387523519	-4.630464900401421e-12
10	3	111.72545452178174	-3.966533768107183e-12
10	4	113.93240996861938	5.057927410234697e-12
10	5	118.28022268992963	-2.772821972030215e-12
10	6	117.67237724245582	-1.699845597613603e-11
10	7	120.28490341475388	-1.1000338417943568e-11
10	8	127.53001644226187	-1.5340901882154867e-11
10	9	128.33663272742714	-2.006572685786523e-12
10	10	119.89013384548875	-1.3185399438953028e-11
10	11	110.80687480208303	-1.962234819075093e-12
10	12	103.24252998667198	-1.3275212040753103e-11
10	13	92.14801717309163	-8.874394552549348e-12
10	14	79.78936624111769	-8.92669049790129e-12
10	15	73.12261355812464	-7.76367414800916e-12
10	16	71.20131989246634	-6.6245320340385664e-12
10	17	69.8859308738864	-6.668869900749997e-12
10	18	72.0822100694865	-1.215425982081797e-11
10	19	81.05430115601106	-9.509903975413182e-12
10	20	92.37224227628035	-7.3373485065531e-12
10	21	102.24803475664987	-1.4659917724202386e-11
10	22	113.67765791084774	-5.765059540863149e-12
10	23	127.19301383873079	-1.2378222891129553e-11
10	24	136.93304439361313	-9.501945896772668e-12
10	25	140.73454614191687	-1.2736336429952644e-11
10	26	142.39217798159885	-6.893969839438796e-12
10	27	141.93513254351484	-6.078835212974809e-12
10	28	135.82136715617932	-8.781171345617622e-12
10	29	126.17307581942256	-7.356675268965774e-12
10	30	117.66176816094377	-5.146603143657558e-12
10	31	108.28549250378485	-7.000835466897115e-12
10	32	94.87857606738635	-5.463789420900867e-12
10	33	82.14809539259893	-7.930793799459935e-12
10	34	75.12603725926745	-1.962234819075093e-12
10	35	70.11865043464599	-1.0371650205343031e-11
10	36	62.68784361813001	-3.3014657674357294e-12
11	0	96.87042357116383	3.847162588499487e-12
11	1	126.56977337226347	7.844391802791506e-13
11	2	123.4699072579706	-5.666151992045343e-12
11	3	113.68000461328593	-1.181660991278477e-11
11	4	115.27922238867583	4.995399649487808e-12
11	5	118.99927277571551	-1.0027179087046534e-12
11	6	117.8013959182276	-1.0267058314639144e-11
11	7	119.9132416676835	-1.689386408543214e-11
11	8	126.79405169882907	-1.1910969988093711e-11
11	9	127.41962533341508	6.3869265432003885e-12
11	10	119.02683127497137	-3.749391908058897e-12
11	11	110.29021939831868	-8.626557246316224e-12
11	12	103.42748283479412	-1.0061285138363018e-12
11	13	93.4465636419431	6.283471520873718e-12
11	14	82.65165752467348	-1.4841816664556974e-11
11	15	78.0018717767346	-3.537934389896691e-12
11	16	78.50404376099239	-2.5340796128148212e-12
11	17	79.9131640769691	-1.939042704179883e-11
11	18	84.9711062379789	-1.9288108887849375e-11
11	19	96.73098699996254	-3.693685357575305e-12
11	20	110.52645462565201	-5.057927410234697e-12
11	21	122.33711810089898	-5.3137227951083335e-12
11	22	134.96273975195464	-1.1640395314316265e-11
11	23	148.80446257169646	-9.247287380276248e-12
11	24	157.9568400500104	-7.512426236644387e-12
11	25	160.30711681582017	-1.825696926971432e-11
11	26	159.78944735176336	-1.1476686267997139e-11
11	27	156.64237898101823	-2.0020252122776582e-12
11	28	147.57384022694424	-2.985416358569637e-12
11	29	134.9624600234616	-3.191189534845762e-12
11	30	123.70947644474565	-1.5377281670225783e-11
11	31	111.98924087840466	-3.575451046344824e-12
11	32	96.74269531558333	-2.1028654373367317e-11
11	33	82.70988347801966	-3.5902303352486344e-12
11	34	74.88992968049648	-1.2146301742177457e-11
11	35	69.50736181556121	-1.4606484910473226e-11
11	36	62.01559110328655	-1.6575540939811617e-12
12	0	99.88670905217124	6.912159733474255e-12
12	1	129.39380166148612	2.7193891583010556e-12
12	2	125.86574546688487	4.860112312599085e-12
12	3	115.42248890652192	-6.332356861094013e-12
12	4	116.18909471649852	-3.581135388230905e-13
12	5	118.97849619884015	-8.44693204271607e-12
12	6	116.86408496456048	-1.3437784218695015e-11
12	7	118.20767230019499	-2.5695499061839656e-11
12	8	124.61171859809663	-8.0831341620069e-13
12	9	125.18834065453144	-2.2386075215763412e-11
12	10	117.28641425015645	2.8308022592682394e-13
12	11	109.65133275410535	-7.347580321948043e-12
12	12	104.51644355966319	-4.727098712464794e-12
12	13	96.84119822717612	-1.014996087178588e-11
12	14	88.81511965151768	-6.3289462559623646e-12
12	15	87.22242204075621	-7.028120307950303e-12
12	16	90.84881165651748	7.139533408917487e-13
12	17	95.20273250663499	-6.2436811276711525e-12
12	18	102.77944649993456	-9.213181328959764e-12
12	19	116.41211402828924	-9.342784323962406e-12
12	20	131.26563442261454	-4.351932147983462e-12
12	21	143.2211059320884	-1.4421175364986994e-11
12	22	155.06091279603697	-1.3305907486937941e-11
12	23	167.25126827872757	-9.835048331297003e-12
12	24	174.02593891674388	-1.2718146535917186e-11
12	25	173.4689337641284	-1.3928911357652396e-11
12	26	169.7462984885247	-7.275957614183426e-12
12	27	163.33847027822273	-5.582023732131347e-12
12	28	151.18071690155372	8.151346264639869e-13
12	29	135.84341622881215	1.099351720768027e-12
12	30	122.36862315699088	-8.468532541883177e-12
12	31	109.01215560169139	-1.0610392564558424e-11
12	32	92.73580633039215	4.8191850510193036e-12
12	33	78.2450982773278	-1.1618794815149159e-12
12	34	70.4597281573248	-1.184048414870631e-11
12	35	65.49390031474756	-1.7319052858510986e-11
13	0	102.142929492322	-4.328057912061922e-12
13	1	131.45394920967053	3.758486855076626e-12
13	2	127.46487887880797	-6.582467904081568e-12
13	3	116.28664509634532	-9.85664883046411e-12
13	4	116.09067286237064	1.842863639467396e-12
13	5	117.79766889315283	-1.0346639101044275e-11
13	6	114.64478873353697	-1.453486220270861e-11
13	7	115.19605085467512	-1.8023911252385004e-11
13	8	121.2666022307166	-2.4215296434704215e-12
13	9	122.15734823134339	-1.605599209142383e-11
13	10	115.3469649416025	-8.894858183339238e-12
13	11	109.62224628112581	3.1388935894938185e-12
13	12	107.15166048187191	-7.870539775467478e-12
13	13	102.72126462158518	-1.0369376468588599e-11
13	14	98.25354198648819	-3.2014213502407074e-12
13	15	100.20239641209996	2.0668267097789794e-12
13	16	107.00136337218514	-2.050114744633902e-11
13	17	113.83075015236001	-1.367652657791041e-12
13	18	122.92467638162036	-1.4514398571918719e-11
13	19	136.95529726472657	3.6277469916967675e-12
13	20	151.04491023704642	-7.57381712901406e-12
13	21	161.15147875033938	-9.819132174015977e-12
13	22	170.23832627008403	-8.312781574204565e-12
13	23	179.02835652891787	-1.638227331568487e-12
13	24	182.05199713179348	-1.495550350227859e-11
13	25	177.69288401843747	-1.7909087546286173e-11
13	26	170.3871664224588	-1.8533228285377846e-11
13	27	160.83208414033584	-1.0800249583553523e-12
13	28	146.11336711966098	1.156195139628835e-11
13	29	128.88297936007618	-4.069988790433854e-12
13	30	114.20157659227561	-8.427605280303396e-12
13	31	100.29177074250221	-5.226183930062689e-12
13	32	84.04352828593949	5.877609510207549e-13
13	33	70.0645118451429	-3.0047431209823116e-12
13	34	63.161075891955946	-7.973994797794148e-12
14	0	103.24031398282706	3.3924152376130223e-12
14	1	132.3557723117556	4.973799150320701e-12
14	2	127.90632010559905	-5.215952114667744e-12
14	3	115.98666503779863	-8.350298230652698e-12
14	4	114.82264826784773	-9.362111086375081e-12
14	5	115.46779858336596	-1.6837020666571333e-11
14	6	111.36127889542614	-2.510205376893282e-12
14	7	111.31159118894874	1.6052581486292185e-12
14	8	117.38005191116464	-2.3959501049830578e-11
14	9	119.06746396251641	-2.6068391889566555e-12
14	10	113.96018486632939	-1.1597194315982052e-11
14	11	110.826150502648	1.534544935566373e-11
14	12	111.67370392759119	-3.807372195296921e-12
14	13	110.99690762591185	-7.99445842858404e-12
14	14	110.3278418456616	-4.18367562815547e-12
14	15	115.68427392900318	-5.544507075683214e-12
14	16	125.08095288450299	-9.620180208003149e-12
14	17	133.3591792106491	-5.830997906741686e-12
14	18	142.54451183949956	-3.990408004028723e-12
14	19	155.260978455675	-2.500087248336058e-11
14	20	166.74754717585003	-6.10839379078243e-12
14	21	173.22235472801236	-1.2307737051742152e-11
14	22	178.01019504992652	-1.8882246877183207e-11
14	23	182.24204564868708	-5.2841642173007135e-12
14	24	180.84606556075815	-2.5238477974198758e-12
14	25	172.5439737955817	-5.449010131997056e-12
14	26	162.0162570005344	-4.7054982132976875e-12
14	27	150.09574529530428	-4.469029590836726e-12
14	28	133.89884509694681	1.0289795682183467e-11
14	29	116.02202573868539	-8.393499228986911e-12
14	30	101.41160622726215	-3.282139005023055e-12
14	31	88.14591437391181	1.3449152902467176e-12
14	32	72.96512572000378	-4.561115929391235e-12
14	33	60.33785651438844	-3.724380803760141e-12
15	0	103.161555536958	7.237304089358077e-12
15	1	132.0958683498419	-4.9533355195308104e-12
15	2	127.22818317888535	-7.574385563202668e-12
15	3	114.640960910658	-4.191633706795983e-12
15	4	112.62594258422497	-9.50137746258406e-12
15	5	112.38666219089068	-7.73070496506989e-14
15	6	107.582012169464	-1.7778347682906314e-11
15	7	107.27558312515916	-1.8027321857516653e-11
15	8	113.76997021341722	-6.575078259629663e-12
15	9	116.73869821187432	5.54564394406043e-12
15	10	113.82343127759415	-5.0812332119676285e-12
15	11	113.69827627432088	-1.31905153466505e-11
15	12	118.12249960276144	1.0888925316976383e-11
15	13	121.20895723242957	1.5605223779857626e-11
15	14	124.02643842379709	4.683329279941972e-12
15	15	132.11628969257023	-1.1860379345307593e-11
15	16	143.07932267423567	-2.5114559321082197e-11
15	17	151.4736316579564	-2.3419488570652903e-13
15	18	159.2202842814457	-4.3490899770404215e-12
15	19	169.0361761357891	-4.915818863082677e-12
15	20	176.43644532284543	-6.701839083689265e-12
15	21	178.05495532389475	5.916263035032898e-12
15	22	177.70702850048724	-1.5738805814180523e-11
15	23	177.01564046003318	-7.36349647922907e-12
15	24	171.33402811427956	-1.2328769116720651e-11
15	25	159.69040888566414	-1.0520011528569739e-11
15	26	146.92598505484668	-3.826130523520988e-12
15	27	133.888090524778	5.103402145323344e-12
15	28	117.58458912676846	-5.4092197387944905e-12
15	29	100.41956915393934	3.802256287599448e-12
15	30	87.1084794991001	-1.1083329809480348e-11
15	31	75.50193377440655	4.105231710127555e-12
15	32	62.145897460669815	-3.467448550509289e-14
16	0	102.19740947248033	1.448427155992249e-11
16	1	130.97284531017985	8.219558367272839e-12
16	2	125.76090077396903	1.2846612662542612e-12
16	3	112.64509792457943	-1.779199010343291e-12
16	4	109.99445725101396	1.36196831590496e-12
16	5	109.16760958094852	-6.087930159992539e-12
16	6	104.03698915279666	-8.59813553688582e-12
16	7	103.89939354246941	-1.3873204807168804e-11
16	8	111.25870994396122	-4.428670763445552e-12
16	9	115.90396377512405	-1.0563212526903954e-11
16	10	115.46256662998373	-6.369873517542146e-12
16	11	118.44173437288059	3.8738789953640665e-12
16	12	126.28682362506707	4.1097791836364197e-13
16	13	132.6856154774235	-5.961169335932937e-12
16	14	138.23202866302668	7.424318937410136e-12
16	15	148.01915678962246	-2.6784618967212735e-12
16	16	159.3034325480167	1.263060767087154e-12
16	17	166.46554419567303	-1.198259269585833e-12
16	18	171.4524529561323	-4.58328486274695e-12
16	19	177.2122958427619	-1.0680878403945826e-11
16	20	179.66381223271688	-1.0373923942097463e-11
16	21	175.95497419167756	-7.228777576528955e-12
16	22	170.44678359711372	-4.902744876744691e-12
16	23	165.25831680421055	-8.230927051045001e-12
16	24	156.12078621377194	-1.0438725439598785e-11
16	25	142.2780215738756	-1.2784084901795724e-12
16	26	128.61084871887203	-1.8053469830192626e-12
16	27	115.84709174896065	2.6142288334085607e-12
16	28	100.75715487097769	-1.1291376722510905e-11
16	29	85.4447643161978	7.661924428248312e-12
16	30	74.31880177133232	1.6141825653903654e-11
16	31	64.96427749713328	6.917844075360335e-13
17	0	100.765428737904	5.081801646156236e-13
17	1	129.39615556193087	1.184616849059239e-12
17	2	123.92703384816934	-1.521243575552944e-11
17	3	110.46293879236396	1.4031797945790458e-11
17	4	107.45851282636522	1.1057181836804376e-11
17	5	106.41823180686487	3.6993696994613855e-12
17	6	101.39780440377248	-1.802845872589387e-11
17	7	101.87597302377786	2.6710722522693687e-12
17	8	110.4898458673481	-1.241460267920047e-12
17	9	117.06738498477931	6.653522177657578e-12
17	10	119.14822293886839	-5.941842573520262e-12
17	11	125.01521298303142	-5.53086465515662e-13
17	12	135.77061415178898	2.2637323127128184e-11
17	13	144.68526663974322	-7.449330041708891e-12
17	14	151.92748268370224	-1.4118768376647494e-11
17	15	162.22985590229828	-8.334382073371671e-12
17	16	172.62150387655137	-3.6260416891309432e-12
17	17	177.43750602488515	-1.8220021047454795e-11
17	18	178.77947212915754	-1.107650859921705e-11
17	19	179.934397653651	4.015703325421782e-12
17	20	177.29570209316884	-1.110038283513859e-11
17	21	168.54987899746618	-4.273488229955547e-12
17	22	158.57814828477598	-4.588116553350119e-12
17	23	149.92447632421624	6.094182936067228e-12
17	24	138.5916799076498	-1.1697807167365681e-11
17	25	123.91277397454124	-2.760600636975141e-12
17	26	110.67872881501705	-3.971649675804656e-12
17	27	99.3814707238081	1.1891074791492429e-11
17	28	86.46354141984081	1.613869926586631e-11
17	29	73.67192163436049	-2.148112798749935e-12
17	30	65.08911677306438	4.491766958381049e-12
18	0	99.20605468630947	7.158860171330161e-12
18	1	127.68324515874103	4.724256541521754e-12
18	2	122.0412142893598	2.384297204116592e-12
18	3	108.4302727927074	5.5797499953769145e-12
18	4	105.39336597528896	1.4049419405637309e-11
18	5	104.55647050086185	6.503171334770741e-12
18	6	100.10642116318861	-2.4365931494685357e-12
18	7	101.6289296215322	-2.3874235921539366e-12
18	8	111.80703661157006	2.9956481739645825e-12
18	9	120.42265632661409	-7.214566721813753e-12
18	10	124.8612124589074	1.9952040020143615e-13
18	11	133.14813793946362	1.393686943629291e-11
18	12	146.05323400086604	6.755840331607033e-12
18	13	156.4881696083587	2.0523316379694736e-12
18	14	164.2958949346574	-3.5703351386473515e-12
18	15	173.97880944342592	1.0344365364289842e-11
18	16	182.4807691953917	-1.0961684893118218e-11
18	17	184.22389837699365	-1.8060575257550228e-11
18	18	181.56741661878587	-5.3978510550223295e-12
18	19	178.1945957758545	-7.1656813815934585e-12
18	20	170.97677029291685	-1.0933263183687814e-11
18	21	158.08798958065896	-8.607798918092158e-12
18	22	144.83292642916754	-5.811386927234707e-12
18	23	134.0529545482729	1.091962076316122e-12
18	24	121.8831846539654	-7.691767223150236e-12
18	25	107.61398248677226	-1.2580301245179726e-11
18	26	95.83860305153821	-3.1533886613033247e-12
18	27	86.74045454708994	-3.504396772768814e-13
18	28	76.40163721041034	9.949872037395834e-12
18	29	66.21827956693045	5.894662535865792e-13
19	0	97.64495509980911	1.699987706160755e-11
19	1	125.93343422933427	-4.132800768275047e-12
19	2	120.19574859660031	1.2164491636212915e-11
19	3	106.65138685383754	2.0975221559638157e-13
19	4	103.92619051227153	6.580762601515744e-12
19	5	103.72863403050731	9.947598300641403e-13
19	6	100.3065467321573	-2.01339389604982e-12
19	7	103.26109697504418	-4.704361344920472e-12
19	8	115.22414569992954	-4.495177563512698e-12
19	9	125.8479344770893	-8.969891496235505e-13
19	10	132.31221479161928	-2.5585222829249686e-12
19	11	142.38000153599134	2.05420747079188e-11
19	12	156.53670847039038	4.562821231957059e-12
19	13	167.43293489293308	5.700826477550436e-12
19	14	174.72168046641752	-2.389128894719761e-12
19	15	182.82741252431424	-1.6775061340013054e-11
19	16	188.75324132140156	-1.0327880772820208e-11
19	17	187.12091834751723	-3.7613290260196664e-12
19	18	180.60870864095145	-3.284981175966095e-12
19	19	173.29584035989393	-7.8790662882966e-12
19	20	162.46943151947227	-2.218030203948729e-12
19	21	146.67751483558874	-5.684341886080802e-14
19	22	131.50185228830458	2.750084604485892e-12
19	23	119.92532293588725	-1.3374688023759517e-11
19	24	108.07334084186996	-2.3220536604640075e-12
19	25	95.08498795364824	-5.875904207641725e-12
19	26	85.2928170983219	7.105427357601002e-12
19	27	78.55800596946447	1.2933583093399648e-11
19	28	70.63305301597397	7.1787553679314446e-12
19	29	62.62747694030972	7.390781320282259e-12
20	0	95.97764166609802	9.897007657855284e-12
20	1	124.02877363568886	1.0431335795146878e-11
20	2	118.27494757846073	1.1368683772161603e-15
20	3	105.0236106796336	5.106812750454992e-12
20	4	102.96811253650496	2.4084556571324354e-12
20	5	103.84743777478772	2.2169501789903733e-11
20	6	101.88760319870511	2.9450575311784634e-12
20	7	106.6052880926126	-2.2042172531655523e-11
20	8	120.48346535268008	6.812683750467841e-12
20	9	132.97056205394088	4.312141754780896e-12
20	10	141.00883593360152	1.0491021384950727e-11
20	11	152.12123960830962	-1.3775434126728215e-11
20	12	166.58717733201198	-1.3841372492606752e-11
20	13	176.9212790741533	1.1070824257330968e-11
20	14	182.7391786064682	6.844516065029893e-12
20	15	188.54168789074862	-1.6015633264032658e-11
20	16	191.51969700526533	-2.3925394998514095e-11
20	17	186.57366807377568	5.004494596505538e-12
20	18	176.71536472747104	-1.0138023753825109e-11
20	19	166.36618345286382	-1.4169359019433614e-11
20	20	153.11569341544663	-3.341256160638295e-12
20	21	135.7322747408521	-9.064820005733054e-12
20	22	119.90676199190364	6.138520802778658e-12
20	23	108.60863539068693	-9.723066796141212e-12
20	24	97.83563142221323	-2.5011104298755527e-12
20	25	86.51033619022189	3.697095962706954e-12
20	26	78.6975874051821	1.5910472939140164e-12
20	27	73.98234208177773	2.2282620193436741e-13
20	28	67.87272111405223	1.178989350592019e-11
20	29	61.29720065465243	2.0077663975825998e-11
21	0	93.97729273089952	1.390958459523972e-12
21	1	121.75445936452796	4.264393282937817e-12
21	2	116.08281353993516	9.975451575883199e-12
21	3	103.367458094957	-3.4162894735345618e-12
21	4	102.3432401835293	-5.6547833082731815e-12
21	5	104.71793547141273	4.712319423560985e-12
21	6	104.60694312445982	1.2011582839477342e-11
21	7	111.34281358896078	-1.2880150279670488e-11
21	8	127.17008070181491	-4.2223291529808194e-12
21	9	141.2751309579826	-4.956746124662459e-13
21	10	150.3525565618533	9.964082892111036e-12
21	11	161.73118562414749	6.450022738135885e-12
21	12	175.58334574682635	1.4222223398974165e-12
21	13	184.42519275315092	1.1397105481592007e-11
21	14	187.98765494623953	2.7796431822935117e-13
21	15	190.987789458224	-1.2941541172040162e-11
21	16	190.90455749553544	-1.4455281416303479e-11
21	17	182.95760300949928	-6.390337148332037e-12
21	18	170.46356108675133	-1.2890382095065434e-11
21	19	158.0919885845349	-1.9451817934168502e-12
21	20	143.5915897298895	-3.756781552510802e-12
21	21	125.78368109501069	-4.434923539520241e-12
21	22	110.30593263562518	1.1800693755503745e-12
21	23	99.98484586198633	4.658886609831825e-12
21	24	90.61392913837979	-1.3734506865148433e-11
21	25	80.8853317037144	-1.0078338164021261e-12
21	26	74.6423372373958	-1.4574652595911175e-12
21	27	71.28662356251445	-7.365485998889198e-12
21	28	66.20096523961327	7.568701221316588e-12
21	29	60.25460538081987	1.0151950391446007e-11
22	0	91.47233389726081	3.5714720070245675e-12
22	1	118.97834456635533	3.03487013297854e-12
22	2	113.51870624725166	4.694697963714134e-12
22	3	101.594380386404	4.474713932722807e-12
22	4	101.94644852276977	-2.4994051273097283e-12
22	5	106.1851276916876	-4.6912873585824855e-12
22	6	108.22830523471885	-1.940179572557099e-11
22	7	117.1340889072221	-1.1046381587220822e-11
22	8	134.83514725210597	-7.315179573197383e-12
22	9	150.21826427697607	1.8251853362016847e-11
22	10	159.7417221579607	2.272372512379661e-11
22	11	170.60406685592636	2.7760052034864203e-11
22	12	182.97935812589546	-1.1687006917782127e-12
22	13	189.52128436502946	-9.876544027065393e-12
22	14	190.21447665678056	-1.0433609531901312e-11
22	15	190.10618609384994	-1.6791545931482687e-12
22	16	187.02964785787046	-1.769763002812397e-11
22	17	176.52749105072095	1.942282779054949e-11
22	18	162.15992944406472	-1.4654233382316307e-12
22	19	148.72836367632533	-3.108880264335312e-11
22	20	133.990217804793	-1.1854126569232903e-11
22	21	116.6627677215369	-4.239382178639062e-12
22	22	102.19549143291745	-6.663753993052524e-12
22	23	93.18253197896051	-1.0442136044730433e-11
22	24	85.18364857977905	3.092281986027956e-12
22	25	76.69306000268634	-1.361399881716352e-12
22	26	71.4172235230196	-2.4499513529008257e-13
22	27	68.69230032855076	1.2035457075398882e-11
22	28	63.90240763874836	1.0986127563228366e-11
23	0	88.5091242122202	5.256310942058917e-12
23	1	115.80255336030143	-1.4651959645561873e-11
23	2	110.71453004619514	-7.175913196988404e-12
23	3	99.82878875987565	-4.051798896398395e-12
23	4	101.85183496630069	2.191939074691618e-11
23	5	108.23209293420496	5.261995283944998e-12
23	6	112.61352161531926	1.8476384866517038e-11
23	7	123.70738716064251	-1.0079475032398477e-11
23	8	143.08378697743086	-8.150777830451262e-12
23	9	159.31583831207323	1.0687699614209124e-11
23	10	168.65640526703734	-7.923972589196637e-13
23	11	178.24866511789475	1.1918928066734225e-11
23	12	188.37656226198152	1.353100742562674e-11
23	13	191.95376133077684	9.317204785475042e-12
23	14	189.33190033932817	8.855067790136673e-12
23	15	185.9695837460007	-1.8491732589609455e-11
23	16	180.08579466410586	-2.428805601084605e-11
23	17	167.51986963014147	-2.3566713025502397e-11
23	18	151.99501193554525	7.557900971733034e-12
23	19	138.32405808530186	-1.6535750546609053e-11
23	20	124.13559028505912	1.3239969121059404e-11
23	21	107.91427878736606	5.970832717139274e-12
23	22	94.82602231575589	3.1735680749989114e-12
23	23	87.18759922264641	8.374172466574236e-12
23	24	80.33716950643992	-1.0461462807143107e-11
23	25	72.63552581388508	-4.712319423560985e-13
23	26	67.7541464816341	-1.014655026665423e-11
23	27	65.08116522560665	5.289848559186794e-12
23	28	60.11160865152503	-8.513438842783217e-12
24	0	85.41998538637057	4.588400770444423e-12
24	1	112.61108848950671	1.056150722433813e-12
24	2	108.06331531855271	4.777120921062306e-12
24	3	98.42174025728087	-9.310952009400353e-12
24	4	102.31751844319766	2.568185664131306e-12
24	5	110.98265640234246	1.2221335055073723e-11
24	6	117.7293418244816	1.1993961379630492e-12
24	7	130.8745614969046	2.205524651799351e-11
24	8	151.60221897403076	7.825065040378831e-12
24	9	168.1816740115964	1.8311538951820693e-11
24	10	176.70697132470494	-1.7088268577936106e-11
24	11	184.34433143015565	-5.67297320230864e-12
24	12	191.58528082028167	-8.346887625521049e-12
24	13	191.70252102001436	-1.2720420272671618e-11
24	14	185.49548901092356	-2.9365310183493423e-12
24	15	178.87962183444677	-1.6608510122750886e-11
24	16	170.4592744165349	2.343881533306558e-11
24	17	156.32281391742399	1.7582806322025135e-11
24	18	140.2697372801358	2.837623469531536e-12
24	19	127.01507780356238	-1.5973000699887053e-12
24	20	113.94807609891954	-7.2236616688314824e-12
24	21	99.2306289172358	1.0455778465257026e-11
24	22	87.6925269858954	-1.471562427468598e-11
24	23	81.3676604954196	1.7598722479306162e-12
24	24	75.41360170449711	-1.440412233932875e-12
24	25	68.13523480294558	-7.142944014049135e-12
24	26	63.26585627090578	-4.361027095001191e-12
24	27	60.3411003054345	-8.515144145349041e-13
25	0	82.75604144957099	6.582467904081568e-13
25	1	109.9812528271189	4.4497028284240515e-12
25	2	106.11595143469447	2.38060238189064e-12
25	3	97.84158188997205	3.7562131183221935e-12
25	4	103.6794038270443	2.2316726244753226e-12
25	5	114.60674819089124	1.8427499526296743e-11
25	6	123.57091275460306	-1.1465317584224978e-11
25	7	138.47638443997857	-1.6777903510956095e-11
25	8	160.1256154442783	-1.1095835361629725e-11
25	9	176.51584434143516	1.5040768630569801e-12
25	10	183.63901954832494	7.458993422915228e-12
25	11	188.7583913872331	5.2386894822120665e-12
25	12	192.65169422964328	1.0147687135031447e-11
25	13	189.01900702831995	-7.303242455236613e-12
25	14	179.1516373638632	-6.3209881773218514e-12
25	15	169.43184108801051	-4.254275154380593e-11
25	16	158.82202625659713	-2.220076567027718e-11
25	17	143.59936316934682	7.473772711819037e-12
25	18	127.55783344264823	4.200728653813713e-12
25	19	115.22725747554418	1.337411958957091e-11
25	20	103.68177906789401	5.188667273614556e-12
25	21	90.71123107830739	-1.5257910490618088e-11
25	22	80.7956272234646	4.8942183639155706e-12
25	23	75.70946332059937	-1.5946852727211082e-11
25	24	70.48404147016224	-4.232560968375765e-12
25	25	63.440743312012344	-1.2524878911790438e-11
26	0	81.10212503369047	-4.5815795601811265e-12
26	1	108.48574156865027	2.1952928364044054e-12
26	2	105.38088004450125	-8.83801476447843e-12
26	3	98.48189675627052	-1.2375949154375121e-11
26	4	106.1769165656398	8.958522812463343e-12
26	5	119.1711000192385	-2.5704594008857384e-12
26	6	130.04132282296396	-5.319407136994414e-12
26	7	146.29112344418095	-2.3578650143463167e-12
26	8	168.3724103551178	2.5290773919550703e-11
26	9	184.05878952946793	-4.4019543565809725e-12
26	10	189.30010249392004	1.5839987099752763e-11
26	11	191.51857964714108	-1.0586518328636885e-11
26	12	191.83089493750168	2.1429968910524623e-12
26	13	184.39760330282812	1.2801137927453965e-12
26	14	171.00812187145482	-9.067662176676095e-12
26	15	158.48870869147416	7.634071153006517e-12
26	16	146.1115664961105	1.7383854356012307e-11
26	17	130.27786853500288	-2.5213466869900003e-11
26	18	114.70717117669464	-1.6665353541611694e-11
26	19	103.68441295471304	-3.4503955248510467e-12
26	20	93.9295990264722	-1.0936673788819463e-12
26	21	82.84901749760273	-4.3257841753074904e-12
26	22	74.58995566335021	1.888338374556042e-12
26	23	70.70792627170508	5.011315806768834e-12
26	24	66.16162084458976	2.3430857254425063e-12
27	0	80.84377632440102	-6.185700840433129e-12
27	1	108.46208145985604	-1.2657892511924729e-11
27	2	106.10665717883673	4.442881618160754e-12
27	3	100.46628992747411	1.4349552657222375e-11
27	4	109.78644291701963	1.5222667570924387e-12
27	5	124.50425271261766	1.0143139661522582e-11
27	6	136.8471437853869	5.632045940728858e-12
27	7	153.95576617832268	-4.348521542851813e-12
27	8	175.98326973214563	-2.900151230278425e-11
27	9	190.53826259238144	2.0489778762566856e-11
27	10	193.5846243004402	-1.2236114343977533e-11
27	11	192.74721558927573	1.6833610061439685e-11
27	12	189.50429526681944	-1.8817445379681886e-11
27	13	178.47352611590483	-3.498826117720455e-11
27	14	161.91289442189446	-9.156337910098956e-12
27	15	147.04195577288033	-7.044036465231329e-12
27	16	133.38016638172945	-1.2141754268668592e-11
27	17	117.39010741291008	-9.343921192339621e-12
27	18	102.6660165744496	-2.361275619477965e-12
27	19	93.21794975235234	2.3646862246096135e-12
27	20	85.40729021256718	1.1214069672860205e-11
27	21	76.27688299286197	-8.86757334228605e-14
27	22	69.67974563843934	5.311449058353901e-12
27	23	66.99915032581026	2.625711204018444e-11
27	24	63.16461624638066	-7.1668182499706744e-12
28	0	81.98211487186731	6.391474016709253e-12
28	1	109.8457140383451	-1.5370460459962487e-12
28	2	108.14029169936816	-1.6140120351337828e-11
28	3	103.53617951318546	-2.4683686206117273e-11
28	4	114.13937086523998	1.7888623915496282e-11
28	5	130.14196685446763	4.1195562516804786e-11
28	6	143.46478350663915	2.0611423678928987e-11
28	7	160.9439575595164	-1.3258159015094862e-11
28	8	182.49941703455886	-3.4349341149209066e-11
28	9	195.6364494920806	-1.4802026271354407e-12
28	10	196.37932211664236	-7.224798537208699e-12
28	11	192.57715379549157	-2.0833113012486137e-11
28	12	186.06160973348867	-9.14042175281793e-13
28	13	171.87008705440851	1.8451373762218282e-12
28	14	152.6690324710673	2.747356120380573e-11
28	15	135.99958612500052	-4.795651875610929e-11
28	16	121.55865903062795	-1.4464376363321208e-11
28	17	105.81537307091699	5.591118679149076e-12
28	18	92.20839483507832	-1.805801730370149e-11
28	19	84.47149778307177	-8.905089998734183e-12
28	20	78.63280343364572	1.33240973809734e-12
28	21	71.41597009346664	2.2853328118799255e-11
28	22	66.43114421205297	1.6327703633578495e-11
28	23	64.93501572347309	1.4551915228366853e-12
28	24	61.856827671100284	4.142748366575688e-12
29	0	84.07953735582193	-1.2109921954106539e-11
29	1	112.14329999330285	4.3155523599125446e-12
29	2	110.92877446398793	9.096083886106499e-12
29	3	107.07820103070279	-3.0510136639350094e-11
29	4	118.57010750456486	-2.1085497792228125e-11
29	5	135.38793539138393	-6.8621375248767435e-12
29	6	149.20386977700173	2.929482434410602e-11
29	7	166.62080729638427	-3.296690920251422e-11
29	8	187.39756508986437	-7.371454557869584e-12
29	9	198.9949939058655	-1.9581420929171146e-11
29	10	197.5308698519077	3.6752680898644033e-11
29	11	191.07790327157292	-9.158611646853388e-12
29	12	181.78527760333185	-2.3997017706278713e-11
29	13	165.04480875791015	-2.261231202282943e-11
29	14	143.84866042305626	2.031129042734392e-11
29	15	125.97509986655896	-1.8922037270385772e-11
29	16	111.22834266385188	5.240963218966499e-12
29	17	96.04100182474548	-1.8644641386345027e-12
29	18	83.686962032562	-7.267999535542913e-12
29	19	77.64758246566355	-9.595169103704392e-13
29	20	73.66670604937424	-1.2526015780167655e-11
29	21	68.20970145882136	8.787992555880919e-12
29	22	64.70138914920392	8.747065294301137e-12
29	23	64.3123569284729	6.725713319610805e-12
29	24	61.9860226482845	-1.864464138634503e-13
30	0	86.37148421611175	7.410108082694934e-12
30	1	114.5703464101243	-8.475353752146475e-12
30	2	113.67636770038771	-7.287326297955587e-12
30	3	110.29318610065759	9.702034731162712e-12
30	4	122.2874961028361	1.3470753401634284e-11
30	5	139.47765380253182	9.794121069717222e-12
30	6	153.35351887714063	7.788685252307915e-12
30	7	170.36224648837594	-2.5318058760603892e-11
30	8	190.17471152654423	1.4756551536265761e-12
30	9	200.26014109090295	-9.914629117702135e-12
30	10	196.84954432137155	1.1675638234009967e-11
30	11	188.21959027515547	-2.0843344827881083e-11
30	12	176.77993865505388	1.49702827911824e-11
30	13	158.19239020919198	2.7541773306438698e-11
30	14	135.67903128671463	-4.4780108510167336e-11
30	15	117.1666379412339	-2.7579289962886833e-11
30	16	102.50218392340935	-3.356035449542105e-12
30	17	88.0527596689942	-6.572236088686623e-12
30	18	76.937478882224	1.6962076188065112e-12
30	19	72.42918468864842	-9.34164745558519e-12
30	20	70.05283236664238	1.7452066458645276e-11
30	21	66.08580268696852	5.303490979713388e-12
30	22	63.82605287412469	5.093170329928399e-12
30	23	64.39176524061399	5.546780812437646e-12
30	24	62.74335114203614	1.8749233277048917e-11
31	0	88.01475456832458	1.3407088772510179e-11
31	1	116.312036947161	-7.46126715966966e-12
31	2	115.60732497112674	-8.433289622189478e-12
31	3	112.45051485993912	-1.2081500244676135e-11
31	4	124.61148688522255	9.458744898438454e-13
31	5	141.7894939245343	3.268496584496461e-12
31	6	155.36171389451812	-2.2791937226429584e-11
31	7	171.69884820854702	1.1616521078394727e-11
31	8	190.45517193482175	-8.526512829121202e-13
31	9	199.15467569663502	-3.623313205025624e-11
31	10	194.15074995066732	-2.8439899324439466e-11
31	11	183.89148891889607	-2.0985453375033103e-11
31	12	170.97750584590133	1.4313172869151458e-12
31	13	151.24703129118697	2.7055193640990185e-11
31	14	128.052854063721	-1.2640839486266486e-11
31	15	109.38498762076263	2.7034730010200293e-12
31	16	95.07822838972221	-5.445599526865408e-12
31	17	81.41900003545965	-8.487859304295852e-12
31	18	71.39677398473496	1.593889464857057e-11
31	19	68.13289338354423	-1.566945684317034e-11
31	20	67.00729109260163	1.370835889247246e-11
31	21	64.18214761102328	1.7977299648919142e-11
31	22	62.88382974695197	9.148379831458442e-12
31	23	64.20483605724569	1.841954144765623e-11
31	24	63.11759496157626	-1.4613306120736524e-11
32	0	88.3862617950501	-1.5847945178393275e-11
32	1	116.81394773078244	-9.591758498572745e-12
32	2	116.23795206055279	7.773905963404104e-12
32	3	113.13355507465667	1.1878000805154443e-11
32	4	125.18686819673694	2.1225332602625715e-11
32	5	142.02453275770492	-8.503775461576879e-12
32	6	154.98182614896234	-3.0131559469737115e-11
32	7	170.43226972887734	-4.988578439224512e-12
32	8	188.08259555650216	1.602984411874786e-13
32	9	195.55328210729945	3.915374691132456e-12
32	10	189.32315016750275	-2.944943844340742e-11
32	11	177.9733463944636	-1.0618350643198937e-12
32	12	164.22226425614713	-7.352127795456909e-12
32	13	143.99110493473538	-5.026663529861253e-11
32	14	120.66866271212191	1.3369572116062045e-12
32	15	102.23140970019769	-3.9449332689400765e-13
32	16	88.45795669835104	6.926939022378065e-12
32	17	75.55004172927045	1.0331859812140464e-11
32	18	66.4015979308069	-1.0616076906444504e-11
32	19	64.04449349283506	1.5477326087420808e-11
32	20	63.78778029204772	-1.2199734555906616e-11
32	21	61.747296340488646	1.7464572010794655e-11
32	22	61.126665442178094	2.1710775399697013e-11
32	23	63.01295223517863	2.871161086659413e-11
32	24	62.381622508188784	4.968114808434621e-12
33	0	87.320564435505	1.3164935808163136e-11
33	1	115.99160477034243	-6.798472895752639e-13
33	2	115.55243214477771	-1.0802523320307955e-11
33	3	112.38009218878467	1.070930011337623e-12
33	4	124.0903161285068	1.724743015074637e-11
33	5	140.2853023561248	-1.907665136968717e-12
33	6	152.33053446790302	7.928520062705501e-12
33	7	166.6815237958323	-2.9763214115519076e-12
33	8	183.16482360831506	-2.122988007613458e-11
33	9	189.53660553741972	-1.310468178417068e-11
33	10	182.40221707928936	-9.03355612535961e-12
33	11	170.43762713374778	-4.140474629821256e-12
33	12	156.40919221701947	-1.9657591110444627e-11
33	13	136.23446917369924	-4.800995156983845e-12
33	14	113.25313528115645	2.570004653534852e-11
33	15	95.36197751916062	-1.6781314116087744e-11
33	16	82.2489306965868	-1.3264980225358159e-11
33	17	70.03332600356987	1.9350636648596265e-11
33	18	61.54930951315782	-1.8064838513964788e-12
33	20	60.08434530064252	6.456275514210574e-12
33	23	60.703873696155654	4.5474735088646414e-14
33	24	60.4825593751687	3.253944669268094e-11
34	0	85.19140332419887	1.0423946150694974e-11
34	1	114.27310863941263	-6.090203896746971e-12
34	2	114.00894124340427	-6.953086995054037e-12
34	3	110.65829593067485	-1.2022383089060895e-11
34	4	121.78541879710656	1.3064891390968114e-11
34	5	137.02079474027585	-2.6302586775273086e-11
34	6	147.8344186112886	1.574562702444382e-12
34	7	160.84256408012035	-1.7396359908161686e-11
34	8	176.05690762924056	1.3430963008431718e-11
34	9	181.40651942893768	-1.3498038242687472e-11
34	10	173.6243490803821	8.044480637181551e-12
34	11	161.4463589396489	3.1366198527393862e-12
34	12	147.62431844387552	-1.6849526218720713e-11
34	13	127.99586494795376	-6.6620486904867e-13
34	14	105.77794910566946	1.4545094018103555e-11
34	15	88.73167518513866	9.204086381942035e-12
34	16	76.42609278163661	4.12035205954453e-11
34	17	64.90107361139992	-2.8660451789619402e-12
35	0	82.79703700739834	1.768853508110624e-11
35	1	112.44921100328557	-6.693881005048752e-12
35	2	112.3652897689027	-1.812622940633446e-11
35	3	108.68077565498203	5.0386006478220225e-12
35	4	118.93850061982094	9.869154382613488e-12
35	5	132.8566604628484	2.602291715447791e-11
35	6	142.08545025682005	-3.374793777766172e-11
35	7	153.47765561729122	-1.3603767001768574e-11
35	8	167.29019460920884	4.182538759778254e-12
35	9	171.65773758918303	-5.5706550483591854e-14
35	10	163.44063585432053	-4.721414370578714e-12
35	11	151.40344043840693	-6.1311311583267525e-12
35	12	138.22883816525948	3.1368472264148297e-11
35	13	119.60932607196419	4.7123194235609844e-11
35	14	98.57680912574533	-1.275793692911975e-11
35	15	82.70910336047	-1.2954615158378147e-11
35	16	71.43103744921883	1.7316779121756553e-11
35	17	60.70198751473329	7.196376827778295e-13
36	0	81.08180225841593	1.7879528968478554e-11
36	1	111.37823181268618	1.17904619401088e-11
36	2	111.38322093096028	9.471250450587832e-12
36	3	107.12306535114016	-7.706830729148351e-12
36	4	116.16350710468302	-2.196657078457065e-11
36	5	128.37529794004743	5.2659743232652545e-12
36	6	135.6613655385566	-7.072458174661733e-12
36	7	145.17743036688506	2.519300323911011e-11
36	8	157.47404466534985	-9.845280146691949e-12
36	9	160.91409723549052	2.6252564566675575e-11
36	10	152.47990347806177	2.179149305447936e-11
36	11	140.93433780400667	-1.5404566511278973e-12
36	12	128.84352798553766	1.213038558489643e-12
36	13	111.70019096474756	2.0384050003485755e-11
36	14	92.29957073016247	3.781224222620949e-12
36	15	77.9958494555687	2.6908537620329298e-11
36	16	68.04543843410288	5.763922672485933e-13
37	0	80.78981761975525	7.238440957735293e-12
37	1	111.65125991505045	-1.3437784218695015e-12
37	2	111.52052683089265	1.385956238664221e-11
37	3	106.35335903691366	2.128217602148652e-12
37	4	113.79476834357138	9.328005035058595e-12
37	5	123.93192525935251	-2.523506736906711e-11
37	6	128.98089928599538	7.382823241641745e-12
37	7	136.44769293635807	1.4341594578581863e-11
37	8	147.20419709287168	-3.402419679332525e-11
37	9	149.84696318821167	1.7269030649913474e-12
37	10	141.46485656623136	1.0697931429604069e-12
37	11	130.7874735512303	2.4289192879223265e-11
37	12	120.22322532701298	3.8776306610088794e-11
37	13	105.02141040698163	-3.265313353040256e-11
37	14	87.70064996355711	8.105871529551223e-12
37	15	75.3595206393782	1.7458887668908573e-11
37	16	67.06415629806979	2.9888269637012853e-12
38	0	82.17652482856808	2.2055246517993512e-12
38	1	113.34323648159915	3.4435743145877494e-12
38	2	112.7300625438266	6.702975952066481e-12
38	3	106.28067892525293	-1.87060322787147e-11
38	4	111.77909955277606	-2.554543243604712e-12
38	5	119.58039578403114	-1.410853656125255e-12
38	6	122.24991634926708	8.66066329763271e-12
38	7	127.66110453853724	1.999751475523226e-12
38	8	137.005425198261	-1.7840875443653204e-11
38	9	139.095574223522	5.923084245296195e-13
38	10	131.0988207366912	-1.925968717841897e-11
38	11	121.67838804200215	7.511289368267172e-12
38	12	113.05188570094951	2.717115421546623e-13
38	13	100.19551182772958	1.020566742226947e-11
38	14	85.32655656194018	4.42423697677441e-11
38	15	75.26831804281477	2.2519088815897705e-11
38	16	68.88127271191195	-1.9952040020143613e-11
38	17	61.82715079550544	1.505895852460526e-11
38	23	63.19819163481534	2.7000623958883807e-12
38	24	64.83197900693384	3.38172867486719e-11
38	25	62.89342328856101	1.9197159417672084e-11
38	26	61.745744312560255	9.771383702172898e-12
38	27	61.69779179250899	3.298168849141803e-11
39	0	84.88737858683159	-1.1930296750506386e-11
39	1	115.94865423601867	1.8885657482314855e-11
39	2	114.44914758622625	1.847865860327147e-11
39	3	106.38717203586668	4.911271389573813e-13
39	4	109.73486155109455	-4.8862602852750574e-12
39	5	115.14019976367976	1.7314505385002122e-12
39	6	115.51745380912234	1.142893779615406e-11
39	7	119.08548321233215	-1.4146053217700683e-11
39	8	127.31895459749225	1.5880914361332543e-11
39	9	129.20485672573727	1.659259396546986e-11
39	10	121.94975087711471	3.7617837733705527e-11
39	11	114.11988925258812	-6.25050233793445e-12
39	12	107.72234770612364	-1.7550974007463082e-11
39	13	97.45031985793365	5.055653673480265e-12
39	14	85.21620851743076	2.1598225430352612e-11
39	15	77.5664403183517	-1.2005330063402653e-12
39	16	73.15257015491336	1.7145111996796914e-11
39	17	67.5188304230752	-2.786464392556809e-12
39	18	63.4195589409756	2.3305801732931286e-11
39	19	64.19609687465632	6.007212505210191e-12
39	20	65.75815309330244	1.0621761248330586e-11
39	21	64.91337244684055	3.905483936250676e-11
39	22	65.45916850113058	2.637534635141492e-11
39	23	68.84570262941979	2.9530156098189764e-11
39	24	70.1318717226621	7.49082573747728e-12
39	25	67.95301638148543	2.8690010367427023e-11
39	26	66.67021891640604	4.1557086660759526e-11
39	27	66.56733399869293	3.4813183447113264e-11
39	28	64.01003546495606	2.1452706278068947e-11
39	29	60.69614828797604	-3.475406629149802e-12
39	30	60.602481689858095	3.0263436201494186e-11
39	31	60.85961581552134	7.712515071034432e-12
40	0	88.05516122350231	2.848992153303698e-12
40	1	118.53527479858603	1.192915988212917e-11
40	2	115.79368872243568	-4.321236701798625e-12
40	3	105.94135316830005	1.7544152797199785e-11
40	4	107.16107137540676	-6.2021854319027625e-12
40	5	110.37950602914697	-1.8184209693572485e-12
40	6	108.81481879109357	2.7989699447061868e-12
40	7	110.96700571612297	-1.0313101483916399e-11
40	8	118.52457092414532	1.7514594219392166e-11
40	9	120.58784946440313	4.726530278276187e-12
40	10	114.3600896009256	-1.0370513336965814e-11
40	11	108.29080742358336	-9.713971849123483e-12
40	12	104.17829175989289	1.3784529073745944e-11
40	13	96.44988511742733	3.113825641776202e-11
40	14	86.73693200247568	-3.0102000891929496e-11
40	15	81.33077004287888	-1.6141825653903654e-11
40	16	78.68746215310219	2.2450876713264736e-11
40	17	74.23648374455695	-5.937863534200006e-12
40	18	70.70454715922153	2.982972091558622e-11
40	19	71.48475213858259	3.308400664536748e-11
40	20	72.59908398355223	1.8578134586277883e-11
40	21	71.0025921491796	3.0543105822289365e-11
40	22	70.64840750082966	2.995534487126861e-11
40	23	73.12705222290535	3.6031906347488984e-11
40	24	73.60517594857703	3.4838762985600623e-11
40	25	70.78400977857007	1.92898141904152e-11
40	26	69.04731749479913	2.096612661262043e-11
40	27	68.66359012005796	2.5266331249440555e-11
40	28	65.95462738652256	-5.439915184979327e-13
40	29	62.55748724915288	-2.262936504848767e-12
40	30	62.383060872894085	2.8182967071188613e-12
40	31	62.5013603183617	4.106368578504771e-12
41	0	90.58858576827944	1.8172841009800322e-11
41	1	120.068896719881	1.6759713616920637e-11
41	2	115.89381899872662	1.1199858818145003e-11
41	3	104.31836750609538	-2.9318698580027556e-11
41	4	103.71881551891599	1.900787083286559e-11
41	5	105.24011385082628	1.7885213310364633e-11
41	6	102.31436110838267	-1.9790036276390312e-11
41	7	103.6217607903772	-5.695710569852963e-13
41	8	110.97215756024764	-5.879314812773373e-12
41	9	113.51125196495168	3.790489699895261e-11
41	10	108.40512222658207	-3.2321167964255437e-12
41	11	103.98843841073565	-9.713971849123483e-12
41	12	101.8823826466095	4.253593033354264e-12
41	13	96.29849304611766	-1.0243752512906213e-11
41	14	88.6417964875301	2.9683633329113945e-12
41	15	84.99553448156281	3.397019554540748e-11
41	16	83.65118392299425	1.6279386727546807e-11
41	17	79.9356348763844	4.800995156983845e-12
41	18	76.5444423259161	2.650892838573782e-11
41	19	76.91042629956566	2.3866277842898854e-11
41	20	77.15614482766198	4.4826151679444594e-11
41	21	74.38036780908371	1.9272761164756958e-11
41	22	72.70050998505327	2.8284716790949462e-11
41	23	73.86787298948474	2.760714323812863e-11
41	24	73.1843442705542	1.4409806681214833e-12
41	25	69.4439870497915	2.946023869299097e-11
41	26	67.071628190604	3.8987195694062393e-11
41	27	66.32436366032154	1.812395566958003e-11
41	28	63.46796001860918	1.7715819922159427e-11
41	29	60.0536351573827	2.0292532099119854e-11
42	0	91.55388536051827	2.6756197257782332e-11
42	1	119.79655076290024	2.6504949346417563e-11
42	2	114.25107284974838	-3.071363607887179e-11
42	3	101.30782425191506	-1.647720182518242e-11
42	4	99.4738837953529	2.6216184778604655e-12
42	5	100.0084612261282	7.341895980061963e-12
42	6	96.43242865464578	-3.536172243912006e-11
42	7	97.48341477628024	-9.143832357949578e-12
42	8	104.99409007254376	-7.0753003456047735e-12
42	9	108.09715877261246	1.746343514241744e-11
42	10	103.91032519891591	1.734463239699835e-11
42	11	100.6866836054444	2.5791564439714422e-11
42	12	99.9370242396315	4.5793626668455546e-11
42	13	95.74094064013947	-7.366907084360718e-12
42	14	89.36058026084596	1.7636807569942902e-11
42	15	86.73921906533	1.4604779607907404e-11
42	16	86.04733889400312	9.885638974083122e-12
42	17	82.52608255947635	3.2741809263825417e-11
42	18	78.83428672510888	3.755474153877003e-11
42	19	78.42543667175919	3.2441107578051744e-11
42	20	77.50061838518306	1.3401404430624097e-11
42	21	73.2863331903523	2.931983544840477e-11
42	22	70.05957892987932	4.1135876927000934e-11
42	23	69.73937584678843	1.1370957508916035e-11
42	24	67.77732840131857	1.9197159417672084e-11
42	25	63.07552153381548	1.6837020666571333e-11
42	26	60.10864775071315	3.444142748776358e-12
43	0	90.51446932146617	1.6602825780864804e-11
43	1	117.54953407676207	2.7882833819603546e-11
43	2	110.98324190455317	-7.532889867434279e-12
43	3	97.28778757924633	5.999254426569678e-12
43	4	94.9977383254076	2.956596745207207e-11
43	5	95.3520949539063	-1.0260237104375847e-11
43	6	91.81923991549213	-3.4134473025915215e-12
43	7	93.07129464473654	-2.3179040908871683e-11
43	8	100.88004656597786	-1.8948185243061745e-11
43	9	104.33341044085513	6.650680006714537e-14
43	10	100.52322682312413	-6.929781193321105e-12
43	11	97.69005555209158	2.1543655748246237e-12
43	12	97.33419597849336	-7.379981070698705e-12
43	13	93.51425548065558	2.31659669225337e-11
43	14	87.4519439805024	4.466755854082294e-11
43	15	85.02909288512164	6.9229599830578085e-12
43	16	84.34122445613878	-2.0644961296056863e-11
43	17	80.55645230170961	2.8155113795946818e-11
43	18	76.28225672111608	3.38172867486719e-11
43	19	74.96116223173601	4.124160568608204e-11
43	20	72.83581804132308	1.6285639503621496e-11
43	21	67.22805668129456	2.7267219593340997e-11
43	22	62.552602630460655	3.413447302591521e-11
43	23	60.88608678882429	2.7670239433064127e-11
44	0	87.70566679470845	1.253908976650564e-11
44	1	113.8521284465944	-1.09110942503321e-11
44	2	106.85866595741267	1.0940652828139719e-11
44	3	93.18747017244588	1.835473995015491e-11
44	4	91.27224447056045	5.500169208971784e-12
44	5	92.18897274382162	3.839033979602391e-11
44	6	89.22114568448751	8.345182322955225e-12
44	7	90.87617050937908	2.738147486525122e-11
44	8	98.81528846660842	-2.7785631573351566e-11
44	9	102.08845898456165	-5.587708074017428e-13
44	10	97.82159392202566	-3.0303226594696754e-12
44	11	94.34318471235123	2.919648522947682e-11
44	12	93.26525674983084	-1.8160335457650946e-11
44	13	88.74843833073251	5.7081592785834804e-11
44	14	82.07882987525578	-8.224105840781704e-12
44	15	79.14990226795022	2.6009843168139923e-11
44	16	78.01737320195282	5.936897196079372e-11
44	17	73.7749797328672	2.1723849386035e-11
44	18	68.94863543563304	4.066578185302205e-11
44	19	66.92213320285404	6.897380444570445e-12
44	20	63.92632840371811	6.00857674726285e-11
45	0	83.97851683398265	9.744098861119711e-12
45	1	109.78884359912794	-1.5338059711211826e-11
45	2	103.09502274100467	-5.980496098345612e-12
45	3	90.23616001892007	-1.6061676433309913e-11
45	4	89.41526844985704	-2.1550476958509535e-11
45	5	91.42058513950403	-2.4354562810913193e-11
45	6	89.25232615243827	-5.375113687478006e-11
45	7	91.19777692739264	-3.6602614272851495e-11
45	8	98.80413898846895	3.455511432548519e-11
45	9	101.13160071489642	-1.0399787697679131e-11
45	10	95.4309570181765	1.4293846106738784e-11
45	11	90.23627048529805	3.567265594028868e-11
45	12	87.39647738740418	3.907302925654221e-11
45	13	81.28792181880165	5.977483397145988e-11
45	14	73.347908376254	4.781099960382562e-11
45	15	69.5321205456769	6.143750397313852e-11
45	16	67.86844765205919	5.890939291930408e-11
45	17	63.353764719634896	8.662254913360812e-11
46	0	80.52827712923465	1.1823431123048067e-11
46	1	106.66882876994674	-5.843503458891064e-13
46	2	100.98258109970848	1.3127987585903612e-11
46	3	89.57496695091531	-2.2737935978511814e-11
46	4	90.3131492192619	3.944933268940076e-11
46	5	93.61547726029454	5.016346449338016e-11
46	6	92.15362209612653	-4.7390358304255645e-12
46	7	93.99392643365401	4.6190962166292596e-12
46	8	100.61320272804252	-9.352447705168743e-12
46	9	101.16265208687705	1.129308202507673e-11
46	10	93.12275550571849	1.2350938050076366e-11
46	11	85.34567279504628	8.019185315788492e-12
46	12	80.02104674703327	8.428287401329726e-11
46	13	71.82221543876398	6.736314617228345e-11
46	14	62.38740239860924	-1.730455778670148e-11
47	0	78.50026755725469	2.3146640160121023e-12
47	1	105.59963955293335	-8.030269782466349e-12
47	2	101.45743008953494	-1.335308752459241e-11
47	3	91.86193239911394	-8.781171345617622e-12
47	4	94.28627624891338	5.032347871747334e-12
47	5	98.75583964030913	9.698055691842456e-12
47	6	97.62957869813282	1.5754153537272943e-11
47	7	98.80487171486995	1.2256577974767424e-11
47	8	103.76762854981885	4.20760670749587e-11
47	9	101.85433886671969	-1.646583314141026e-11
47	10	90.86990296574835	-2.1373125491663815e-13
47	11	80.06641619807318	-3.833520167972892e-12
47	12	72.0329819188578	1.978776253963588e-11
47	13	61.76994014163782	3.0400997275137345e-11
48	0	78.60983347103978	-2.008960109378677e-11
48	1	107.11688308291843	-4.815206011699047e-12
48	2	104.77202989967857	-1.8885089048126248e-11
48	3	97.0093600367267	-7.990479389263782e-12
48	4	100.90961097982908	1.1154952517244965e-11
48	5	106.14533689408827	-1.7133743313024753e-11
48	6	104.83431912701	-3.265824943810003e-11
48	7	104.79541670959485	-4.9350319386576306e-11
48	8	107.61770400154501	-2.052217951131752e-11
48	9	102.90559712828622	-4.40877556684427e-12
48	10	88.84761151753725	2.9478997021215036e-12
48	11	75.1245489582685	3.6162646210868847e-11
48	12	64.7221642315	2.9319267014216164e-11
49	0	80.90848172266281	-2.715978553169407e-12
49	1	110.99854541014157	-1.1667680155369453e-11
49	2	110.37986858296577	-1.486341716372408e-11
49	3	104.15075218071749	-1.685293682385236e-11
49	4	109.0611654069681	-1.5763816918479278e-11
49	5	114.52499648501822	2.702336132642813e-12
49	6	112.52858044458445	8.457163858111017e-12
49	7	110.9177810637352	-7.579501470900141e-12
49	8	111.46759736327941	1.8495711628929712e-11
49	9	104.09669728360947	1.7603269952815026e-11
49	10	87.38083532599383	4.5674823923036455e-11
49	11	71.3924192565509	-2.2622543838224375e-11
