_
0	0	40.41565208607707	1.5444356904481539e-12
0	1	55.02626613991706	8.833467290969566e-13
0	2	54.95265710195343	-7.079847819113638e-13
0	3	52.11839488422673	7.077005648170598e-13
0	4	50.44791257595547	1.9534240891516675e-12
0	5	51.99843671436357	1.8150103642255999e-12
0	6	57.578277911924125	5.1159076974727215e-14
0	7	65.89154898695347	-2.0531842892523854e-12
0	8	65.51418727274469	-1.6933654478634707e-12
0	9	56.93343284428412	2.6344082471041474e-12
0	10	33.01090286729593	4.501998773775995e-12
0	35	21.262182563970565	-3.023501449206378e-12
0	39	20.665812999150262	-6.360778570524417e-12
0	40	21.845171080521563	-6.070877134334296e-12
0	41	25.456475301319365	-5.795754987047986e-12
1	0	48.907099141847304	-4.697540134657174e-12
1	1	62.85370513185769	-3.665263648144901e-12
1	2	59.3624698863557	-4.48267201136332e-12
1	3	55.06559892299838	-3.355467015353497e-12
1	4	54.65648619468455	-2.1947244022157974e-12
1	5	57.185314488514926	-1.4210854715202004e-12
1	6	61.82515506782071	-2.920614861068316e-12
1	7	68.40475154809891	-6.52278231427772e-12
1	8	66.46208801271275	-7.36065430828603e-12
1	9	56.205297848180045	-2.7739588404074314e-12
1	10	30.596292129538835	2.2509993868879974e-13
1	22	20.209729613516817	-3.063291842408944e-12
1	23	22.033518179578934	-1.2647660696529783e-12
1	24	20.6190967164098	3.410605131648481e-14
1	25	23.051784374312803	1.1607426131376998e-12
1	26	21.58600419576809	-2.432898327242583e-13
1	27	21.86049163309129	-1.481907929701265e-12
1	28	20.921558498186524	-5.204583430895582e-12
1	34	20.347490299704234	-5.331344254955184e-12
1	35	20.755181844582268	-6.344862413243391e-12
1	39	20.26904061112027	-7.073026608850342e-12
1	41	22.9434834173162	-6.829168341937475e-12
1	49	20.81780923409079	-1.4586589713871945e-11
2	0	54.57022553934806	-6.277787178987637e-12
2	1	64.67415234008519	-4.233697836752981e-12
2	2	58.13386543235217	-4.786215868080035e-12
2	3	53.86175743358903	-3.213926902390085e-12
2	4	54.28637330873332	-8.128608897095547e-13
2	5	55.71298225410247	-1.4227907740860247e-12
2	6	57.93386624349343	-4.63671767647611e-12
2	7	63.311404893412345	-9.574137038725894e-12
2	8	62.66591924281705	-9.754899110703264e-12
2	9	55.48651904861802	-4.540652298601344e-12
2	10	32.67196005158181	-1.5427303878823296e-12
2	18	23.533654042940807	-2.8705926524708046e-13
2	19	24.650018652224553	7.992184691829607e-13
2	20	25.96829920407884	1.0322764865122736e-12
2	21	26.528321826134285	2.0156676328042523e-12
2	22	23.758184961938323	1.5290879673557357e-12
2	23	23.87962725590265	8.981260180007667e-14
2	24	22.634969082602126	-1.0658141036401503e-12
2	25	24.07023683138329	1.2994405551580712e-12
2	26	20.444170499970113	8.50377546157688e-13
2	27	20.195124610002857	8.537881512893364e-13
2	28	20.918232115329783	-1.9156232156092303e-12
2	29	21.135722486221038	-7.43170858186204e-12
2	41	21.867013166020502	-5.997549124003854e-12
2	45	21.075602974500335	-6.233449312276207e-12
2	46	22.136895594531207	-5.6138560466934e-12
2	49	26.29026254534468	-1.4571241990779528e-11
3	0	56.642714908508026	-5.491074261954055e-12
3	1	64.00263401626633	-3.9591441236552786e-12
3	2	57.590934854529664	-3.3219293982256203e-12
3	3	54.290905494577345	-2.4846258384059184e-12
3	4	53.635904930573886	-1.8809487301041374e-12
3	5	52.44140240401277	-3.876721166307107e-13
3	6	53.28688443797353	-6.9809402702958324e-12
3	7	60.04702399049893	-1.0247163118037861e-11
3	8	63.23419035697021	-1.0670078154362273e-11
3	9	61.2091329310881	-4.7634785005357115e-12
3	10	42.38650389201551	-4.027356226288248e-12
3	11	25.64575537638506	-6.022560228302609e-12
3	16	20.332825061295427	-1.4654233382316307e-12
3	18	22.231940247598374	-5.428546501207166e-13
3	19	25.070315228626736	4.584990165312774e-12
3	20	26.17598106879369	1.5546675058430993e-12
3	21	23.40073060539185	2.849560587492306e-12
3	25	20.53927127049297	-2.306137503182981e-12
3	28	20.11289958347325	-1.822400008677505e-12
3	29	23.0061830045823	-4.49460912932409e-12
3	36	20.16320908863939	-8.73455974215176e-12
3	41	23.57946740376509	-5.318270268617198e-12
3	42	20.231123285800933	-6.382947503880132e-12
3	44	20.227145308952142	-7.36065430828603e-12
3	45	21.35585009543463	-7.633502718817908e-12
3	46	23.3379494857464	-5.958895599178504e-12
3	47	20.65593953371409	-9.173390935757197e-12
3	49	27.219744521322177	-9.29389898374211e-12
4	0	55.55855623386772	-2.4141399990185163e-12
4	1	64.06295190575102	-1.1260681276326067e-12
4	2	60.29737758764447	-9.561063052387908e-13
4	3	57.24352071233556	1.34718902700115e-13
4	4	54.16454226885415	-1.6575540939811617e-12
4	5	51.3579275401535	-1.0697931429604069e-12
4	6	53.36585668056302	-4.416733645484783e-12
4	7	62.83160944455169	-6.492655302281491e-12
4	8	69.37496498834787	-3.3855940273497255e-12
4	9	71.86829754752783	-1.1937117960769683e-12
4	10	57.3430301702885	-3.5686298360815272e-12
4	11	41.15557357742042	-5.366018740460277e-12
4	12	26.73823901981455	-8.108145266305656e-12
4	16	20.564214720620186	-4.5542947191279384e-12
4	19	23.256562619503647	-4.0893155528465285e-12
4	20	23.468094349539378	-9.481482265982777e-13
4	24	20.150594477261826	-8.875531420926564e-12
4	28	22.06430244125215	-2.034994395216927e-12
4	29	25.569880602366368	-4.374669515527785e-12
4	30	21.534305166596464	-7.123617251636461e-12
4	35	20.99473194596122	-6.574509825441055e-12
4	36	21.398175809894457	-9.046061677508988e-12
4	41	23.428133838765	-2.801243681460619e-12
4	49	22.64858616471562	-9.431460057385267e-12
5	0	51.48519888347413	-1.4097167877480388e-12
5	1	62.740475404844084	-1.7757884052116425e-12
5	2	60.83480480527867	-3.284412741777487e-12
5	3	56.58211979157266	-3.185505192959681e-12
5	4	51.51233127749336	-6.384652806445957e-12
5	5	48.86613156651069	-7.364633347606287e-12
5	6	52.33387755178786	-7.67727215134073e-12
5	7	62.378278484882806	-7.397602530545556e-12
5	8	69.71330306649016	-4.115463525522501e-12
5	9	75.75643983376443	-7.980816008057446e-13
5	10	66.34984460378085	-5.80030246055685e-12
5	11	52.56573800164149	-7.727294359938241e-12
5	12	36.066185552194796	-9.314362614532002e-12
5	19	21.780236382840485	-3.4401637094561012e-12
5	20	22.07839708309096	-3.000195647473447e-12
5	21	20.035572454814837	-9.663381206337362e-14
5	23	22.773341361058428	-1.0325038601877169e-11
5	24	22.370164774222626	-8.694769348949194e-12
5	25	20.698813859352654	-6.1015725805191325e-12
5	28	22.465184602436466	-6.275513442233205e-13
5	29	24.19907623100723	-4.27235136157833e-12
5	30	20.458668703559297	-8.237748261308298e-12
5	35	20.12292949208241	-7.2509465098846705e-12
5	41	20.653777469164737	-1.0280700735165738e-11
5	49	20.656281156711163	-4.9794834922067826e-12
6	0	50.006909169294744	-2.5465851649641993e-12
6	1	62.17997806404244	-1.2948930816492066e-12
6	2	60.18754227535227	-4.996536517865025e-12
6	3	54.9191400045486	-3.2878233469091358e-12
6	4	49.55103258646441	-5.488800525199622e-12
6	5	47.238319851530214	-5.5513282859465105e-12
6	6	49.6092403985151	-6.403979568858631e-12
6	7	57.08240570335416	-5.434230843093247e-12
6	8	63.5608671339992	-4.491766958381049e-12
6	9	72.58371176525122	-4.976072887075134e-12
6	10	67.92599497498685	-4.4792614062316714e-12
6	11	57.070850986371056	-8.960796549217776e-12
6	12	40.33669334995741	-1.1875727068400011e-11
6	13	21.116996586869455	-8.292317943414673e-12
6	21	20.147477647052725	3.161630957038142e-12
6	23	22.24597856013138	-8.756160241318866e-12
6	29	20.66160287374236	-9.590621630195528e-12
6	30	21.614814474135887	-7.55903784011025e-12
6	31	22.44763885833629	-7.394191925413907e-12
6	32	24.72397411665725	-7.70114638726227e-12
6	49	23.12720525929921	-1.6893864085432141e-12
7	0	51.18526027418313	2.15550244320184e-12
7	1	62.48662100993127	6.366462912410498e-14
7	2	60.64722989531985	1.4301804185379297e-12
7	3	56.73599277958876	2.355591277591884e-12
7	4	52.88191251057223	-6.423306331271306e-13
7	5	50.14205465284168	-6.8098415795248e-13
7	6	49.65587109369777	-5.4467363952426244e-12
7	7	54.26581578505605	-5.250058165984228e-12
7	8	60.345661790977466	-2.8137492336099967e-12
7	9	71.16828207303392	-5.414904080680572e-12
7	10	68.99516466856132	-6.318714440567419e-12
7	11	60.82687231037226	-3.92901711165905e-12
7	12	46.33089144201611	-5.090896593173966e-12
7	13	26.865838687619107	-7.552216629846954e-12
7	23	21.829276559461693	-8.204779078369029e-12
7	24	21.455051030815497	-9.490577213000507e-12
7	25	26.306993840723628	-8.526512829121202e-12
7	26	27.29178481100418	-1.147327566286549e-11
7	27	27.743048204087877	-1.0550138540565967e-12
7	28	27.047304197511465	-4.519051799434237e-12
7	29	32.36764249051721	-5.895799404243007e-12
7	30	40.87997705132301	-1.0790017768158577e-11
7	31	45.17765130988287	-1.0518306226003915e-11
7	32	43.24649808887187	-6.839400157332421e-12
7	33	27.984415030601905	4.069988790433854e-12
7	34	22.262027241704544	-5.461515684146434e-12
7	35	24.978139455328957	-1.248281478183344e-12
7	36	27.35379464451414	-1.367652657791041e-12
7	37	23.0128254909989	-1.5165824152063578e-12
7	49	22.921807551314988	-1.1095835361629724e-12
8	0	48.64538671878708	7.457856554538012e-13
8	1	59.11598428462117	-2.630713424878195e-12
8	2	58.90765754675278	4.4224179873708637e-13
8	3	58.2731209911729	4.13024281442631e-12
8	4	56.609425091766326	4.912408257951029e-12
8	5	53.125472657868166	5.899210009374656e-12
8	6	50.451366204627746	-1.4472334441961721e-12
8	7	53.945385403883186	-4.504272510530427e-12
8	8	59.804565765936744	-4.736193659482524e-12
8	9	69.86785974604796	-3.369677870068699e-12
8	10	67.7446874535094	-5.558149496209808e-12
8	11	63.002475209099075	-8.895995051716454e-12
8	12	53.54437972301087	-3.8903635868337004e-12
8	13	35.42300776114199	-9.81799530563876e-12
8	14	21.191624136579346	9.868017514236271e-13
8	18	21.081145134637687	1.9838353182421996e-12
8	22	24.193102902228038	-7.314611139008776e-12
8	23	30.4988596507693	-7.150902092689648e-12
8	24	36.31211904119343	-6.2743765738559884e-12
8	25	47.63132067045383	-6.75072442390956e-12
8	26	51.63781557540772	-9.378027243656106e-12
8	27	52.03697957784373	-1.044554664986208e-11
8	28	53.13635096128951	-4.354205884737894e-13
8	29	63.9771040303936	-3.0240698833949866e-12
8	30	76.71241908925593	-2.9842794901924208e-12
8	31	78.39678447941785	-7.598828233312816e-12
8	32	68.3452825390001	-1.3028511602897198e-12
8	33	45.93361683708748	-5.7320903579238804e-12
8	34	38.29024904628944	-1.7973889043787495e-12
8	35	42.9366256671412	3.3651303965598346e-12
8	36	46.81427387816533	-1.7826096154749393e-12
8	37	40.57572293163832	1.1937117960769684e-13
8	38	30.43764984284815	-3.1013769330456854e-12
8	39	20.86541690134075	4.387175067677163e-12
8	41	22.476037488522106	-3.878994903061539e-12
8	42	22.16793978241146	-9.310952009400353e-12
9	0	43.86043129517075	-2.8762769943568856e-12
9	1	54.08130759276604	2.4328983272425833e-12
9	2	55.692451909705014	1.1175416148034856e-12
9	3	58.12554776606978	9.052882887772284e-12
9	4	58.13962921169675	6.8098415795248e-12
9	5	53.9415966859056	6.675691111013293e-12
9	6	50.043136127028276	-7.082689990056679e-13
9	7	52.88464974009798	-1.823536877054721e-12
9	8	57.025681620276	-8.013785190996713e-12
9	9	64.05895451781481	-3.2730440580053254e-12
9	10	61.44190120888732	-6.7097971623297784e-12
9	11	61.445981791199486	-3.303739504190162e-12
9	12	58.08738780088401	-4.961293598171324e-12
9	13	41.36561297598547	-4.256435204297304e-12
9	14	24.005587581294332	-1.5404566511278973e-12
9	21	25.555179102882953	-2.651177055668086e-12
9	22	36.581774446127014	-6.118625606177375e-12
9	23	48.5992851903002	-5.41831468581222e-12
9	24	59.19603736271614	-4.660023478209041e-12
9	25	73.2909151497705	-1.028865881380625e-11
9	26	77.61201771790246	-1.4229044609237462e-11
9	27	78.17331731632402	-7.173639460233972e-12
9	28	81.17438997089175	5.684341886080801e-13
9	29	93.26522204178082	1.602984411874786e-13
9	30	102.62411042840981	-3.7630343285854906e-13
9	31	96.63372048966018	-1.1584688763832673e-12
9	32	79.46908914053455	3.2173375075217337e-13
9	33	54.41941738303099	1.3073986337985845e-13
9	34	48.17372117918941	-2.1771029423689472e-12
9	35	55.24326085980714	3.8198777474462985e-13
9	36	59.965069017993855	4.181401891401038e-12
9	37	52.031732665111626	1.0788880899781361e-12
9	38	38.53435321322831	-1.7223555914824829e-12
9	39	25.875732492407334	-2.339675120310858e-12
9	41	24.349834204282583	-4.323510438553058e-12
9	42	22.57970230905275	-6.6052052716258915e-12
10	0	41.71187774761756	4.037019607494585e-12
10	1	51.72574331316864	-2.5772806111490356e-12
10	2	54.31929217589585	3.539071258273907e-12
10	3	58.70803945769637	4.367848305264488e-12
10	4	59.461541388310444	1.019429873849731e-11
10	5	54.19015749328672	3.4856384445447475e-12
10	6	48.91986733773312	-3.8892267184564845e-12
10	7	50.41943864131668	-6.521077011711895e-12
10	8	52.09639081074345	-5.2659743232652545e-12
10	9	56.61501748200697	9.890754881780595e-14
10	10	54.876291366478334	-6.816662789788097e-12
10	11	59.78257805087238	-1.1027623258996756e-12
10	12	61.302731843954646	-6.0151705838507046e-12
10	13	46.06859752717228	-1.937223714776337e-12
10	14	28.115863804781807	2.986553226946853e-12
10	16	21.112012769112113	-9.606537787476554e-13
10	20	26.35199708194943	-4.858975444221869e-12
10	21	44.74664380641878	-9.649738785810768e-12
10	22	59.70829573809074	-2.5897861632984133e-12
10	23	72.73082526149301	-6.153868525871076e-12
10	24	82.32360642643243	-4.51223058917094e-12
10	25	93.65902256748312	-8.33210833661724e-12
10	26	95.03849046737318	-1.1967813406954519e-11
10	27	94.31502853904139	-1.123339643527288e-11
10	28	96.24748725310786	-4.785078999702819e-12
10	29	103.87304044854646	3.5697667044587435e-13
10	30	105.22490817472868	1.1050360626541079e-12
10	31	92.36198079075245	1.6939338820520788e-13
10	32	73.36364735706438	-9.470113582210615e-13
10	33	50.39476678089126	-2.4363089323742315e-12
10	34	46.62011795247826	1.8746959540294486e-12
10	35	54.90969149478622	-7.321432349272073e-13
10	36	59.865241882801264	8.878942026058212e-13
10	37	51.351824147092955	-4.175717549514957e-12
10	38	36.54687656584086	-4.3542058847378944e-12
10	39	22.54346709511074	-2.59660737356171e-12
11	0	42.53420275304494	4.741878001368605e-12
11	1	52.18819847576671	-1.3437784218695015e-12
11	2	55.1719710951936	3.009290594491176e-12
11	3	60.16113451200675	1.1425527191022412e-12
11	4	60.1018877330148	7.991047823452391e-12
11	5	52.933532011975494	2.1771029423689472e-12
11	6	46.18699083296713	-1.5268142306013032e-12
11	7	46.72904008437117	-7.307789928745479e-12
11	8	47.34665294026766	-1.7359980120090767e-12
11	9	51.52050142931258	6.710934030706994e-12
11	10	51.3369510254457	9.742961992742494e-13
11	11	58.99419600500929	-6.646132533205673e-12
11	12	63.069169595835646	2.7705482352757828e-12
11	13	50.330467584643806	8.453753252979368e-12
11	14	34.85353634578824	-2.667093212949112e-12
11	15	26.449698972197112	-2.6136603992199527e-12
11	16	25.057701446794418	-9.686118573881685e-13
11	17	20.92186725879553	-9.183622751152143e-12
11	18	25.315613395553687	-6.0720140027115126e-12
11	19	34.50969089333208	-9.14042175281793e-13
11	20	53.608815906940876	-4.795310815097764e-12
11	21	74.1501633628488	8.469669410260394e-13
11	22	85.73925874162785	-1.5631940186722204e-12
11	23	94.05950618338935	-3.37536221195478e-12
11	24	98.59488176032337	-4.196181180304848e-12
11	25	104.27319384398567	-1.862076715042349e-11
11	26	101.2316585730094	-1.93813320947811e-11
11	27	98.52834620855447	-1.1187921700184233e-11
11	28	98.29190450819046	-5.86851456318982e-12
11	29	100.78913095795286	-2.494289219612256e-12
11	30	96.34808578728791	-8.349161362275481e-12
11	31	81.89271565317794	1.4779288903810084e-13
11	32	66.12645288483994	-1.542275640531443e-11
11	33	46.95543946720198	-2.107753971358761e-12
11	34	44.223653315229924	-5.5422333389287814e-12
11	35	51.5217435942241	-5.632045940728858e-12
11	36	55.44538617421762	-3.36058292305097e-12
11	37	46.42220032990206	-1.8053469830192626e-12
11	38	31.529756324621165	-4.138200893066823e-12
11	49	20.692795867441447	2.3021584638627246e-12
12	0	46.34683113741051	3.927880243281834e-12
12	1	56.30629586439713	-9.936229616869241e-13
12	2	59.35358796477136	4.4792614062316714e-12
12	3	63.01893142077639	3.865352482534945e-14
12	4	60.60027051751433	-1.0265921446261927e-12
12	5	51.95779919806316	-2.4760993255767973e-12
12	6	45.33707412132231	-7.49992068449501e-12
12	7	46.46543753174604	-1.2166765372967347e-11
12	8	47.411571360782744	-1.8189894035458565e-14
12	9	51.94363176867072	-1.0065832611871884e-11
12	10	51.79580180034841	3.1502622732659803e-12
12	11	58.753886524213286	-9.167706593871117e-12
12	12	63.099718447045824	-2.986553226946853e-12
12	13	53.474374773117	-4.324647306930274e-12
12	14	41.57619393762105	-2.636397766764276e-12
12	15	32.699274003016505	-3.896047928719782e-12
12	16	28.14863713400166	-4.978346623829566e-12
12	17	26.13584244184859	-5.073843567515724e-12
12	18	41.6601780804595	-3.934701453545131e-12
12	19	63.287327853644285	-4.627054295269773e-13
12	20	85.52814804236172	-1.184616849059239e-12
12	21	99.1502977299334	-4.856701707467437e-12
12	22	101.67240680389041	-3.204831955372356e-12
12	23	103.83160729869994	-3.6141045711701735e-12
12	24	103.30378027015497	-1.2973941920790822e-11
12	25	103.27900821318293	-1.4251781976781785e-11
12	26	96.2588506720121	-1.2851160136051477e-11
12	27	92.88773155641103	-8.924416761146858e-12
12	28	92.61261053116418	-4.195044311927631e-12
12	29	93.29473712306121	-2.8273916541365908e-12
12	30	87.41276526375823	9.526957001071424e-13
12	31	75.00396373561489	-5.679794412571937e-12
12	32	63.50193728083007	9.57243173616007e-13
12	33	46.59799953279986	-2.5727331376401706e-12
12	34	42.290921983133515	-3.980176188633777e-12
12	35	46.022684661284806	-8.128608897095546e-12
12	36	47.07019315224013	-5.50699041923508e-12
12	37	37.39091898040534	-9.346194929094055e-12
12	38	24.4480139899028	-1.4233592082746327e-11
12	49	22.408112100787154	-7.855760486563668e-13
13	0	49.24927613698199	1.914486347232014e-12
13	1	60.723632689448934	3.7471181713044644e-12
13	2	63.09806153972529	-3.070681486860849e-12
13	3	63.9388671095697	-8.767528925091029e-12
13	4	59.866913974142385	-3.969944373238832e-12
13	5	52.77378595925036	-6.574509825441055e-12
13	6	48.86599257688261	-3.822151484200731e-12
13	7	51.228301556690134	-3.906279744114727e-12
13	8	52.17269397297985	2.132765075657517e-12
13	9	56.41949932381176	-6.290292731137015e-12
13	10	54.745260931188454	-5.35919753019698e-12
13	11	58.82990603907997	1.6200374375330284e-12
13	12	62.243931199922336	-4.873754733125679e-12
13	13	55.934466529735246	-2.6273028197465464e-12
13	14	48.36438630698175	-5.470610631164164e-12
13	15	40.91606300522582	-1.0766143532237039e-12
13	16	37.89361540189598	-1.7088268577936106e-11
13	17	43.64716554095458	-3.750528776436113e-12
13	18	71.14887533683766	-3.552713678800501e-12
13	19	98.35386511851007	2.1736923372372986e-12
13	20	113.88797442970574	-3.806235326919705e-12
13	21	115.06186535000644	-3.4026470530079677e-12
13	22	109.1216398158692	-2.0691004465334118e-13
13	23	107.94599984680916	-2.7478108677314596e-12
13	24	104.08075336056527	-1.5639898265362716e-11
13	25	99.28500098159999	-1.3380940799834207e-11
13	26	89.61972721838737	-1.7228103388333692e-11
13	27	87.1219910576869	-1.1224301488255151e-11
13	28	88.08745022766654	6.326672519207932e-12
13	29	88.09661885594588	-6.316440703812987e-12
13	30	81.41640420343428	-2.722799763432704e-12
13	31	70.19669060530263	-4.359890226623975e-12
13	32	60.53508148649608	4.627054295269773e-13
13	33	43.088867804216235	-2.38060238189064e-12
13	34	34.89578644854025	-2.5852386897895487e-12
13	35	33.41375267762047	-1.1090151019743643e-11
13	36	31.229159684970174	-2.3624124878551812e-12
13	37	22.717643020252517	-5.896936272620224e-12
14	0	45.9620791792775	7.265725798788481e-12
14	1	58.652163036901584	8.462848199997097e-12
14	2	58.96129824884725	-4.861249180976301e-12
14	3	57.14223832668282	-6.450591172324494e-12
14	4	54.24022050627564	-6.315303835435771e-12
14	5	51.557753031631144	-7.794369594193995e-12
14	6	50.54722605007034	1.7053025658242404e-14
14	7	52.4500616027768	5.946958481217735e-12
14	8	52.26669655901729	-5.886704457225278e-12
14	9	56.15845676446531	5.012452675146051e-12
14	10	52.85200273378792	-4.6202330850064755e-12
14	11	53.76237015966223	1.0519443094381131e-11
14	12	56.56589791007246	3.096829459536821e-12
14	13	55.032685838541965	2.9172042559366673e-12
14	14	55.055802414149376	-3.806235326919705e-12
14	15	54.89572304988038	-4.804405762115493e-12
14	16	59.91865768983787	-5.263700586510823e-12
14	17	75.0838683020694	1.198259269585833e-12
14	18	107.89650747638163	3.5765879147220404e-12
14	19	130.1615771060727	-1.2089458323316649e-11
14	20	133.310948261651	-1.1050360626541079e-12
14	21	124.46438950810717	-2.3851498553995044e-12
14	22	115.86518998088859	-1.0219309842796065e-11
14	23	115.15924264308242	-1.7973889043787495e-12
14	24	109.65990027475347	-4.615685611497611e-13
14	25	101.96434233216075	-4.413323040353134e-12
14	26	91.37422723807003	-7.604512575198896e-12
14	27	89.37907120665938	-9.526957001071423e-12
14	28	89.26903552819293	7.267999535542913e-12
14	29	86.26494704386097	-2.5443114282097666e-12
14	30	77.11656453589784	4.592948243953288e-13
14	31	65.28800850530833	2.1884716261411086e-12
14	32	55.40774869377981	-3.6607161746360365e-12
14	33	36.095552047894095	-5.894662535865791e-12
14	34	24.181787494073628	-1.7985257727559656e-12
15	0	42.07195392097008	4.284856913727708e-12
15	1	54.16972820854696	-4.499725037021562e-12
15	2	51.799695465646764	-8.668621376273222e-12
15	3	49.03513159601965	-5.438778316602111e-12
15	4	49.126525583515615	-7.305516191991047e-12
15	5	49.93244506380348	-5.2568793762475254e-12
15	6	48.764858551253155	-7.427161108353175e-12
15	7	48.07944574382438	-3.234390533179976e-12
15	8	46.644106841276155	-4.994262781110592e-12
15	9	50.45689004389976	9.470113582210615e-13
15	10	45.319030353900715	-3.3594460546737538e-12
15	11	43.49216052303376	-5.1250026444904504e-12
15	12	47.53891200653002	1.2881855582236313e-11
15	13	53.62132349337831	1.0031726560555398e-11
15	14	64.95886733305797	2.1861978893866763e-12
15	15	76.20929772847342	-3.707327778101899e-12
15	16	90.39289635739463	-1.279090611205902e-11
15	17	108.97768378285866	2.9683633329113945e-12
15	18	135.8290366851017	5.492211130331271e-12
15	19	145.01627016444257	1.291482476517558e-12
15	20	136.82619411567845	-5.943547876086086e-12
15	21	124.94763224561794	9.14042175281793e-12
15	22	119.20565400483032	-7.273683877428994e-12
15	23	120.85839777367512	-1.7348611436318606e-12
15	24	115.34989741188458	-4.260982677806169e-12
15	25	107.59440919335918	-4.3064574128948155e-12
15	26	97.21859548694609	-8.799361239653081e-12
15	27	93.19175597974892	3.922195901395753e-13
15	28	88.27144758242578	-7.80801201472059e-12
15	29	80.62084469849695	3.991544872405939e-12
15	30	69.3928823236023	-1.977014107978903e-12
15	31	57.28364482382518	7.321432349272073e-13
15	32	47.03270809841868	-6.485834092018195e-12
15	33	26.795476365641807	-3.23325366480276e-12
15	41	21.315366832080613	1.294779394811485e-11
15	43	20.460696805848894	-1.0682015272323043e-11
15	44	20.903717498299415	-2.7057467377744616e-12
15	45	20.997554332886622	3.88467924494762e-12
15	46	21.823824430151753	1.880380295915529e-12
16	0	42.91516210132969	1.4215402188710869e-11
16	1	53.93196774505622	-2.2021140466677026e-12
16	2	50.46526756354569	-7.977405402925797e-12
16	3	48.63920956519617	1.148237060988322e-13
16	4	50.89782004603233	-1.0322764865122736e-12
16	5	52.00628011966347	-4.75210981676355e-13
16	6	48.76186622193874	-3.162767825415358e-12
16	7	46.41628330547347	-3.589093466871418e-12
16	8	44.89971413281961	-1.3733369996771216e-12
16	9	47.9129489268971	-7.488552000722848e-12
16	10	40.34238427950288	-1.1013412404281553e-11
16	11	37.9732586798118	3.17697868013056e-12
16	12	47.00746942226225	3.3651303965598344e-13
16	13	62.70517770024595	-1.0322764865122736e-12
16	14	84.63829611103829	-1.5279510989785194e-12
16	15	104.3905879958615	1.4802026271354407e-12
16	16	121.5380436613001	-2.523847797419876e-13
16	17	133.48238313331657	-2.4562041289755144e-12
16	18	144.7809483092524	-4.332605385570787e-12
16	19	138.2066861416697	-7.455582817783579e-12
16	20	123.42646405348985	-3.681748239614535e-12
16	21	114.30704446876618	-1.4222223398974165e-12
16	22	113.32799979161462	-5.7178795032086784e-12
16	23	117.29407633155111	-1.8906121113104745e-12
16	24	113.55924312772031	-4.560547495202627e-12
16	25	108.49425340076593	-6.530740392918233e-12
16	26	98.62656890517454	-4.2649617171264254e-12
16	27	90.4992743761822	3.0877345125190914e-12
16	28	79.88995393970653	-1.866169441200327e-12
16	29	69.52374488690259	8.357687875104602e-12
16	30	58.77641508188192	1.1895622265001294e-11
16	31	47.397965496721284	4.3399950300226924e-12
16	32	37.09214563375567	-9.754330676514655e-12
16	46	21.892824951953482	3.433342499192804e-12
17	0	43.01901791545382	-6.900791049702093e-12
17	1	54.014730956323966	-5.9696958487620575e-12
17	2	51.16130842943444	-1.2014425010420383e-11
17	3	50.317019376557425	8.407141649513506e-12
17	4	52.554735867014934	6.9331917984527535e-12
17	5	52.64086514446505	1.6831336324685253e-12
17	6	49.368469713394134	-4.232560968375765e-12
17	7	48.39069351182761	1.4057377484277822e-12
17	8	46.88054137000541	-3.900595402228646e-12
17	9	47.333274562564604	1.6655121726216749e-12
17	10	38.651752649576366	-6.9087491283426065e-12
17	11	41.078560630818274	-4.712319423560985e-13
17	12	59.14246628401056	1.3656062947120518e-11
17	13	82.55231356620007	-6.795630724809598e-12
17	14	108.47931512725987	-1.0743406164692715e-11
17	15	129.0681693720296	-3.035438567167148e-12
17	16	141.7020041347415	-2.792717168631498e-12
17	17	140.27255731010416	-1.093440005206503e-11
17	18	132.86189784072351	-1.1038991942768917e-11
17	19	113.0207253792314	-8.623146641184576e-13
17	20	96.8082010598612	4.911271389573813e-13
17	21	93.07330100451688	1.9031176634598526e-12
17	22	96.07546978982839	2.077058525173925e-12
17	23	101.75408274953939	4.347384674474597e-12
17	24	101.46559400178886	-7.506741894758307e-12
17	25	101.28939573135565	-3.786340130318422e-12
17	26	93.08774883052963	-4.3439740693429486e-12
17	27	82.32566741874062	9.748077900439967e-12
17	28	69.24140201503346	1.7118395589932336e-11
17	29	59.772554015555045	4.383764462545514e-12
17	30	51.29948869306437	6.520508577523288e-12
17	31	40.756865508683056	4.026219357911032e-12
17	32	30.76422793652815	8.179767974070274e-13
18	0	42.713538071947305	-6.3340621636598375e-12
18	1	53.352500194715994	-6.3533889260725116e-12
18	2	50.28353222663785	5.1727511163335295e-14
18	3	48.74542697710956	1.361399881716352e-12
18	4	49.804419194931974	1.389253156958148e-12
18	5	50.21240313367174	4.997104952053632e-12
18	6	49.63902833955064	4.2729197957669386e-12
18	7	50.38003801365948	8.822098607197404e-13
18	8	46.290259104232774	-6.764366844436154e-13
18	9	43.42220174242535	-1.3899921214033384e-11
18	10	38.18039424601458	-4.170033207628876e-12
18	11	51.36423812663088	3.156515049340669e-12
18	12	78.79411129229797	-2.7540636438061485e-12
18	13	103.2709367394257	-3.728928277269006e-13
18	14	124.62041735952866	-8.76980266184546e-12
18	15	139.9963491384486	-1.5705836631241254e-12
18	16	144.97166344827008	-5.678089110006113e-12
18	17	129.57182098905935	-8.105871529551223e-12
18	18	106.24777665486292	-1.0601297617540696e-12
18	19	78.36510037970163	6.900791049702093e-13
18	20	64.44499856659401	1.063540366885718e-12
18	21	65.74066535187764	6.303935151663609e-13
18	22	70.23015410909697	6.23572304903064e-13
18	23	76.36243246829024	-2.0594370653270746e-12
18	24	80.20637106965111	-7.58291207603179e-12
18	25	86.48540375498956	-1.2101963875466027e-11
18	26	82.3664622532405	-6.266986929404084e-12
18	27	72.58046695459632	2.502247298252769e-12
18	28	60.44236530422947	1.2753389455610887e-11
18	29	53.19346750276862	7.570406523882412e-12
18	30	46.566787470850315	4.443450052349363e-12
18	31	36.70852427491795	-5.976517059025355e-12
18	32	27.71751284705519	4.807816367247142e-12
18	46	22.45500051226154	7.73070496506989e-14
19	0	47.20342952223633	-3.1786839826963843e-12
19	1	55.41742492125961	-1.0550706974754576e-11
19	2	50.67546864898526	3.699938133649994e-12
19	3	48.17348731884436	-6.499476512544789e-12
19	4	49.19073207773111	1.2732925824820997e-13
19	5	51.44603821848874	-5.19037257618038e-12
19	6	53.06171148308597	4.666844688472339e-13
19	7	52.36937483944123	3.1718627724330873e-13
19	8	43.62759854569884	-5.719584805774503e-12
19	9	40.477739047765965	-2.7489477361086756e-12
19	10	44.76832004240263	-3.9460701373172925e-12
19	11	70.99765830495629	6.396021490218118e-12
19	12	103.09696283656226	-1.3710632629226894e-12
19	13	121.15202780348179	-5.609308573184535e-12
19	14	133.1909287313449	-9.892460184346419e-12
19	15	142.2709199411055	-1.4383090274350252e-11
19	16	140.53721602815295	-1.1702354640874546e-11
19	17	114.3888295009962	3.4765434975270184e-12
19	18	81.15186657025312	3.950049176637549e-12
19	19	51.07999117454473	1.0800249583553524e-13
19	20	40.96114247151341	3.6709479900309815e-12
19	21	44.31698362137389	4.579305823426694e-12
19	22	46.65704365201921	-1.6081003195722587e-12
19	23	51.60395986325698	-2.0214656615280547e-11
19	24	59.44361612902032	-4.282014742784668e-12
19	25	72.66142923480176	-1.2960299500264227e-11
19	26	73.92265686115263	4.099547368241474e-12
19	27	66.65488564536214	1.1145289136038627e-11
19	28	55.58030455000565	2.049205249932129e-12
19	29	49.09723537607776	6.1004357121419166e-12
19	30	43.323331640232674	-6.197637958393898e-12
19	31	34.651088501883116	1.5654677554266527e-12
19	32	26.820895293548176	-1.2903456081403419e-12
19	45	20.49016142131688	-1.7109869077103214e-13
19	46	25.21081849130319	3.7425706977956e-12
19	47	23.496266477421642	1.47593937072088e-12
19	49	25.349250446861237	-2.3831603357393763e-12
20	0	49.52406588719693	7.497646947740577e-13
20	1	54.678464546082914	-2.391402631474193e-12
20	2	49.51073012314556	-8.496385817124974e-12
20	3	48.26609227994448	-2.8555291464726906e-12
20	4	50.87594649174279	-2.035562829405535e-12
20	5	54.315869805890074	1.4718750662723323e-11
20	6	54.96317476039929	1.4259171621233691e-12
20	7	50.379131492644696	-9.846417015069164e-12
20	8	39.343118150952755	1.6703438632248436e-12
20	9	42.22031832804889	2.7475266506371554e-12
20	10	59.80769487456514	3.011564331245609e-12
20	11	95.87626621484388	-1.3179715097066947e-11
20	12	125.97135431463293	-1.4392185221367981e-11
20	13	134.0126474189085	-2.6034285838250073e-12
20	14	137.4655172469304	-3.0345859158842358e-12
20	15	141.85622074153207	-1.5087948668224272e-11
20	16	135.05204984880973	-9.872564987745136e-12
20	17	102.6591180181245	1.1682459444273264e-11
20	18	66.88225068639721	2.3803181647963356e-12
20	19	39.76135784997111	-6.004938768455759e-12
20	20	32.674047206587105	-1.453486220270861e-12
20	21	34.13081820032084	-7.987921435415047e-12
20	22	32.0422010624694	-3.5785774343821685e-12
20	23	35.921736509560695	-1.5110970252862897e-11
20	24	47.65722194792097	-3.5555558497435416e-12
20	25	66.37345234686947	4.446860657481011e-12
20	26	71.37359553476155	9.012808277475415e-12
20	27	65.42376303364917	-2.12594386539422e-13
20	28	54.31556612436974	1.2339000932115595e-11
20	29	48.022252125806276	9.220570973411669e-12
20	30	43.819571160926145	-1.8960122361022516e-12
20	31	37.47484681112055	-5.980211881251307e-12
20	32	30.509406229558387	-1.948592398548499e-12
20	46	21.69885327020094	7.109122179826954e-12
20	47	21.734661465653918	-6.497202775790356e-13
20	49	22.641339408205905	5.157119176146808e-12
21	0	43.726081734706206	-3.25997007166734e-13
21	1	48.469312433216885	-7.236167220980861e-13
21	2	45.837332464829636	1.708713170955889e-12
21	3	47.43208873693161	-1.834337126638275e-12
21	4	51.18513563484252	2.773958840407431e-13
21	5	53.4123341048399	7.881624242145335e-12
21	6	50.65652603401246	6.463949375756784e-12
21	7	43.354646318268024	-7.823359737813007e-12
21	8	35.77738690213512	-3.4275160487595712e-12
21	9	49.90802832186754	5.752553988713772e-13
21	10	79.27935542696156	2.3106849766918457e-12
21	11	117.99378858931401	9.302425496571233e-13
21	12	140.73033655798497	-6.11407813266851e-12
21	13	139.2956181543198	-1.3368151030590526e-12
21	14	136.76242697018742	-1.0064979960588971e-11
21	15	136.89705480456146	-9.953282642527483e-12
21	16	125.55779924244682	-5.576339390245267e-12
21	17	91.58582055257199	3.21847437589895e-12
21	18	59.88514312954316	-1.0533085514907726e-12
21	19	38.2368110021422	2.376054908381775e-13
21	20	31.605210996815053	-1.0759038104879437e-11
21	21	28.690203158553615	-3.3274716315645493e-12
21	22	23.21326159594183	-5.626930033031386e-12
21	23	27.765362629601597	4.372395778773353e-12
21	24	41.79555373171848	-5.365308197724517e-12
21	25	61.51775341037631	8.097629233816406e-12
21	26	66.39812445129743	5.045848183726775e-12
21	27	60.5071958605626	1.5575096767861397e-13
21	28	50.05396134870706	9.304983450419968e-12
21	29	45.2964369528797	-5.999822860758286e-13
21	30	43.84279959116536	8.244569471571594e-12
21	31	40.48345844867566	2.2248514142120257e-12
21	32	34.979589066864904	-3.495586042845389e-12
22	0	38.08011056399861	2.759179551503621e-12
22	1	45.85953858184984	-2.6403768060845326e-13
22	2	46.49471924627938	1.3250200936454348e-12
22	3	49.610664378205065	1.2465761756175198e-11
22	4	52.811811678257804	1.2260841231181984e-11
22	5	52.509529351589194	2.616218353068689e-12
22	6	46.708777663490764	-6.357936399581377e-12
22	7	40.4612795258345	-3.3296032597718296e-12
22	8	41.79669487313962	-4.2243186726409475e-12
22	9	68.55095220757505	1.2978489394299686e-11
22	10	104.06974493399436	1.5385808183054906e-11
22	11	137.77774257813627	1.613443600945175e-11
22	12	150.5878981652887	-6.2203753259382215e-12
22	13	142.3015006369163	-8.460574463242665e-12
22	14	136.00377160155486	-5.829576821270166e-12
22	15	131.6511136950365	1.8354739950154908e-12
22	16	116.88708261608252	-5.88471493756515e-12
22	17	85.80237290703431	1.6954686543613206e-11
22	18	62.03813455643511	3.695959094329737e-12
22	19	45.40515203858965	-1.727556764308247e-11
22	20	37.01494049394746	-1.4890986221871573e-11
22	21	30.425634984361704	-8.445510957244552e-12
22	22	24.487258707483157	-6.789377948734909e-12
22	23	29.80280213293505	-1.0173835107707418e-11
22	24	41.29568639940254	7.021867531875614e-12
22	25	55.795484767431894	1.2725251963274787e-11
22	26	57.25071214474435	1.2698819773504511e-11
22	27	51.526628909842685	4.938556230627e-12
22	28	42.71082068646947	2.055458026006818e-12
22	29	39.22171959994077	-9.695781955088023e-12
22	30	39.138144188419886	-8.214158242481062e-12
22	31	38.13216572104281	-1.4412648852157872e-12
22	32	35.800778361119036	-9.583800419932231e-12
22	33	22.288469894421425	7.366907084360719e-13
23	0	39.012655294556886	5.905462785449345e-12
23	1	49.58875721390712	-8.276401786133647e-12
23	2	50.3587823658671	-4.629896466212813e-12
23	3	52.45827846845305	6.87521151121473e-13
23	4	54.647023734730254	1.8731327600107763e-11
23	5	52.45618433912735	3.738307441381039e-12
23	6	45.384178512554165	1.9140031781716973e-11
23	7	43.80806032704918	-1.0794565241667443e-12
23	8	57.085279354043486	1.0149392437597271e-12
23	9	94.48592222995562	1.4095746792008867e-11
23	10	129.31040415535654	3.0365754355443643e-12
23	11	152.42860517074317	8.682263796799817e-12
23	12	155.67269006777244	1.2460361631383422e-11
23	13	144.6203198562929	7.970015758473892e-12
23	14	137.78768349164568	8.196820999728516e-13
23	15	130.98095670514923	-2.3788970793248155e-12
23	16	115.8923964419656	-9.49995637711254e-12
23	17	91.15100557303178	-9.536620382277761e-12
23	18	76.28341805799762	4.246771823090967e-12
23	19	63.582168157558954	-1.923780246215756e-11
23	20	53.97015426300027	1.6490275811520406e-12
23	21	46.74279710383942	1.8476953300705647e-12
23	22	42.06192962204883	-3.352624844410457e-12
23	23	45.496739851011455	5.798028723802418e-13
23	24	49.49668341669446	-1.553672746013035e-12
23	25	55.70325635743356	1.7740831026458182e-12
23	26	53.6836489954216	-1.1031886515411316e-11
23	27	48.720108148861264	-6.38209485259722e-12
23	28	40.36050812479924	-5.201457042858237e-12
23	29	35.14682708893579	-1.7977583866013446e-11
23	30	33.582929278581844	-1.828951212701213e-11
23	31	34.25948507361228	-1.2510383839980932e-11
23	32	36.714733171543784	-1.6437979866168462e-11
23	33	28.069248014940968	-1.510613856225973e-11
23	34	23.70954916587716	-9.600995554137626e-12
23	35	20.597449621153455	-3.4434322060405976e-12
23	46	20.089293006897105	-1.864464138634503e-13
24	0	43.66917485245959	6.0640559240709994e-12
24	1	52.93841736312499	6.376410510711139e-13
24	2	50.19251218376956	3.0122748739813687e-12
24	3	50.65645340883697	8.881784197001252e-14
24	4	52.77958815050204	7.085247943905415e-12
24	5	49.27654449941623	1.5950547549437034e-11
24	6	41.99361496771047	1.4206591458787444e-11
24	7	47.22909871873077	1.6149499515449862e-11
24	8	72.63099719338523	6.795630724809598e-12
24	9	115.9340377933546	1.3341150406631642e-11
24	10	143.05450769376424	2.090132511511911e-12
24	11	152.32103884434864	-7.929656931082718e-14
24	12	148.46436586070604	-5.229026101005729e-12
24	13	139.38755875378166	-6.384368589351652e-12
24	14	135.86862253476872	-2.361275619477965e-12
24	15	129.70065909828853	1.0075495993078221e-12
24	16	116.89259745555616	1.92545712707215e-11
24	17	99.13004358905968	1.0165877029066906e-11
24	18	91.73696192435325	-1.3437784218695015e-12
24	19	82.32105070166548	-6.141647190816002e-12
24	20	73.2900014420516	-1.035118657455314e-12
24	21	67.22276302587069	7.116796041373164e-12
24	22	62.766397618832215	-1.4845511486782926e-11
24	23	61.897444804707085	3.688569449877832e-12
24	24	58.26226422806455	7.019878012215486e-12
24	25	58.81572024437569	-8.560334663343383e-12
24	26	55.599344778491044	-1.743188704494969e-11
24	27	50.957817480827664	-1.1415011158533161e-11
24	28	40.78145071767282	-1.8417836145090404e-11
24	29	31.87951036689748	-2.011432798099122e-11
24	30	28.126470774859722	-1.028780616252334e-11
24	31	30.53512574068509	-8.124061423586682e-12
24	32	37.50487640584941	7.622702469234355e-13
24	33	32.46138323127997	2.437445800751448e-12
24	34	28.215399386640367	-1.056719156622421e-12
24	35	22.987313511318735	8.309939403261524e-12
24	44	22.230733246350482	-8.751044333621395e-12
24	45	24.92977327534127	-9.528946520731551e-12
24	46	24.276377162100612	-4.591527158481768e-12
25	0	47.20119496165626	-1.4867396203044337e-12
25	1	52.62541967817687	7.750315944576869e-12
25	2	46.94181243702524	1.2254588455107296e-11
25	3	48.03236980569575	4.630180683307117e-12
25	4	51.01125232317352	3.927027591998922e-12
25	5	46.129821515539135	9.52383061303408e-12
25	6	39.9837472716652	4.0668624023965095e-12
25	7	53.66882735758878	-7.064215878926916e-12
25	8	88.85236681394682	-6.657785434072139e-12
25	9	131.22461838993414	3.31908722728258e-12
25	10	144.80570473444578	6.684217623842415e-12
25	11	140.04222846674338	8.33921376397484e-12
25	12	132.78213049036455	1.600028554094024e-11
25	13	128.7271314405384	9.096083886106499e-12
25	14	129.73486637192372	4.174864898232045e-12
25	15	124.92569660047792	-2.604053861432476e-11
25	16	114.27867475323745	-1.4766783351660708e-11
25	17	101.2209407869596	5.551612503040815e-12
25	18	98.12177243239441	4.213802640151698e-12
25	19	90.49832394843163	-1.5697310118412134e-12
25	20	81.96407864229325	8.804761364444858e-12
25	21	75.97866668612326	-1.266926119569689e-11
25	22	70.03537829060082	1.969340246432694e-12
25	23	65.90924008433903	-1.0198277777817566e-11
25	24	59.38942807237726	-5.0232529247296045e-12
25	25	58.99103897099156	-8.141967100527837e-12
25	26	55.693359159471086	-8.781171345617622e-12
25	27	50.111133822182346	-1.175607167169801e-11
25	28	38.03007086943089	-4.801563591172453e-12
25	29	27.360766508231347	-7.765663667669287e-12
25	30	22.925059504660517	-4.197886482870672e-13
25	31	26.038141939243566	3.299192030681297e-12
25	32	34.512079446412315	3.560103323252406e-12
25	33	30.500068292001753	-1.891748979687691e-12
25	34	26.41716744951048	-1.1161205293319653e-11
25	35	21.953595041365688	-2.975696133944439e-11
25	44	24.67290225626263	1.3210410543251783e-11
25	45	25.55906652858324	1.6899548427318223e-12
25	46	22.34113809975393	-3.2792968340800142e-12
26	0	45.90678530174163	-1.3812950783176348e-12
26	1	49.37243329970436	3.140598892059643e-12
26	2	44.69506072429641	-1.9400658857193777e-12
26	3	48.58488048275152	-9.079030860448256e-12
26	4	52.07764591138856	2.597175807750318e-12
26	5	46.517865688174844	9.42463884712197e-13
26	6	44.64008887168296	2.7114310796605426e-13
26	7	67.95468312422085	-2.7915803002542816e-12
26	8	108.39375959117172	1.732075816107681e-11
26	9	143.34854663527918	3.758486855076626e-12
26	10	141.8751369832364	2.148681232938543e-11
26	11	127.06666891073746	9.56674739427399e-13
26	12	119.79691061956504	1.3653220776177477e-11
26	13	119.83694419702465	9.038103598868474e-12
26	14	122.77720087832996	1.503508428868372e-12
26	15	118.25021298684466	7.672724677831865e-12
26	16	109.02926898529385	1.2035457075398882e-11
26	17	98.04898200481453	-2.8662725526373834e-11
26	18	95.71960277117932	-1.810633420973318e-11
26	19	87.66469447509577	-6.536993168992922e-13
26	20	78.59133496920258	-2.5818280846579e-12
26	21	72.00226826162184	2.7910118660656736e-13
26	22	65.53769815700585	4.574189915729221e-12
26	23	62.11355195161812	1.8332002582610585e-12
26	24	57.49861320034169	9.56674739427399e-12
26	25	58.142020829215774	-8.833467290969566e-12
26	26	54.04479387974249	4.37921698903665e-12
26	27	47.897473198025594	3.3639935281826183e-12
26	28	37.449323037478436	-8.740812518226449e-12
26	29	29.151846671487665	-9.354153007734567e-12
26	30	24.982291264155307	-1.5531895769527182e-11
26	31	26.01276071831649	-8.483311830786989e-12
26	32	32.30824378386696	1.0160192687180825e-11
26	33	27.75708085092421	-9.443965609534644e-12
26	34	24.96579697145796	-1.900900770124281e-11
26	35	23.26674921279354	-5.733227226301096e-12
26	36	22.678110452987795	-1.0023768481914886e-11
26	37	21.888735928831412	-3.6607161746360364e-13
26	38	23.027053492013945	-8.662368600198534e-12
26	39	21.00727291529342	-6.876916813780554e-12
26	44	23.25163780878767	-2.0011725609947462e-11
26	45	22.467657652078497	2.198703441536054e-12
27	0	42.73219196930045	-5.257447810436133e-12
27	1	46.8358227612523	-1.6814283299027012e-12
27	2	45.07609037729967	-1.1016254575224593e-12
27	3	50.55883342723075	8.82948825164931e-12
27	4	52.90702636350885	2.319211489520967e-13
27	5	48.40965269346482	9.010818757815287e-12
27	6	53.94138609356576	3.0246383175835945e-12
27	7	85.64763188512842	-1.9190338207408785e-12
27	8	125.57244397299706	-1.6738113117753527e-11
27	9	149.97349133936459	1.4846364138065838e-11
27	10	137.3677173776991	2.777937879727688e-12
27	11	118.38984578182347	1.3378667063079775e-11
27	12	111.44922245912413	-1.1245901987422258e-11
27	13	110.71240439765478	-1.9945787244068924e-11
27	14	111.87977292366213	-6.41023234493332e-12
27	15	107.85646515068088	-5.381366463552695e-12
27	16	100.79786413703226	-1.961268480954459e-11
27	17	90.14064833332148	-7.975700100359973e-12
27	18	85.8853656990568	-8.15703060652595e-13
27	19	76.48175892544164	5.520632839761675e-12
27	20	67.95130332624302	5.405240699474234e-12
27	21	62.755810784855385	2.0099832909181714e-12
27	22	58.19533945533535	9.754330676514655e-12
27	23	57.54575057761533	1.8154082681576256e-11
27	24	55.09803004604466	5.162519300938584e-12
27	25	55.39648063846033	1.229295776283834e-11
27	26	50.143833804266215	4.151843313593418e-12
27	27	46.127218819596685	-1.092246293410426e-11
27	28	41.507190282756056	-7.238440957735293e-12
27	29	37.92410609871312	-1.0807639228005428e-11
27	30	33.2185491732996	-1.087244072550675e-11
27	31	29.828796616300817	-5.866240826435387e-12
27	32	32.226755343863346	-2.6636826078174635e-12
27	33	26.69205613519146	-9.071072781807744e-12
27	34	25.200747881762766	1.1496013030409813e-11
27	35	25.68719222248392	7.854055183997844e-12
27	36	27.31159623976381	-9.57243173616007e-12
27	37	28.195351854546015	1.4767351785849315e-11
27	38	30.064950212788982	8.68681127030868e-12
27	39	27.78885149983754	1.0673488759493922e-11
27	40	20.576230143923322	-6.246523298614193e-12
27	43	22.26996277302437	-6.410800779121928e-12
27	44	25.99036847511994	-1.3303633750183507e-11
27	45	23.442433343742305	-2.2968151824898087e-11
28	0	42.97626985467595	1.1090151019743643e-11
28	1	48.057089889271495	-2.6045654522022233e-12
28	2	47.92857395234052	-1.722924025671091e-12
28	3	52.11169090327146	-1.497312496212544e-11
28	4	52.35734785826973	6.3585048337699845e-12
28	5	51.19432482904034	2.0831976144108922e-11
28	6	65.389400975981	1.3088765626889653e-11
28	7	102.16513460346123	-5.460378815769218e-12
28	8	137.48005379803257	-1.9015260477317496e-11
28	9	152.97942473588378	-2.0952484192093834e-12
28	10	135.89892720564046	2.968931767100003e-12
28	11	116.67876496730327	-1.4097736311668997e-11
28	12	107.19162149197251	-2.830233825079631e-12
28	13	100.64746779186477	4.374101081339177e-12
28	14	98.77723633753872	2.4928681341407356e-11
28	15	97.1181069285357	-2.999627213284839e-11
28	16	92.7786806457651	-1.1030465429939796e-11
28	17	80.71073990091709	-4.155253918725066e-12
28	18	73.507742057684	-9.143263923760969e-12
28	19	64.34051546988272	-6.183995537867304e-12
28	20	59.11353836298494	-6.764366844436154e-13
28	21	56.888927275514334	2.4130031306413002e-11
28	22	53.49540321833218	1.544037786516128e-11
28	23	52.765488417740535	-4.054072633152828e-12
28	24	48.99858605327565	-2.0008883439004423e-12
28	25	47.1908164330011	-6.9098859967198224e-12
28	26	41.837007701776066	-1.1658585208351725e-12
28	27	42.09215896048643	-9.713971849123483e-12
28	28	43.95357411746138	-9.401901479577645e-13
28	29	43.97829442721	-1.826492734835483e-11
28	30	37.666167962521804	-4.2365400076960214e-12
28	31	29.747329284577333	3.5197444958612324e-12
28	32	28.10218023412691	-1.4873080544930416e-11
28	33	20.32810695107226	-9.082441465579905e-12
28	36	22.121054222584682	-3.3094238460762426e-12
28	37	25.09296785254454	-1.9190338207408785e-12
28	38	28.741560180705257	1.555918061058037e-11
28	39	27.336340832881753	1.2320811038080137e-11
28	40	20.55109132743609	-1.509761204943061e-12
28	41	20.828480627021026	-1.2523173609224614e-11
28	43	25.29813656539548	-6.527898221975193e-12
28	44	26.755927184074846	-6.593268153665122e-12
28	45	21.875822249516215	1.1118572729174047e-12
28	49	20.382798822642325	-1.0398935046396218e-11
29	0	41.787726734313544	-7.753442332614214e-12
29	1	47.90530863506654	-2.785327524179593e-13
29	2	48.54978824413408	6.593836587853729e-14
29	3	50.48667261001343	-1.731848442432238e-11
29	4	49.822605530461416	-1.45973899634555e-11
29	5	54.33023926740679	-1.801083726604702e-11
29	6	76.99393004412316	2.38344455283368e-12
29	7	115.98270266227043	-3.039644980162848e-11
29	8	146.02749035341049	-2.034994395216927e-12
29	9	156.98715868251506	-1.4230181477614679e-11
29	10	140.88645849107448	2.809542820614297e-11
29	11	122.76714460268175	-1.857642928371206e-12
29	12	108.70557496996734	-1.796593096514698e-11
29	13	95.49240672023205	-6.584741640836001e-12
29	14	91.93373184048254	1.692114892648533e-11
29	15	93.08788714986561	-1.2186092135380022e-11
29	16	89.69666286392659	4.937419362249784e-12
29	17	74.92710219554354	9.5042196335271e-13
29	18	66.216748891082	-5.031779437558725e-12
29	19	59.89102672627011	-9.549694368615746e-12
29	20	58.71113757272373	-1.5895693650236353e-11
29	21	57.31890161141081	1.2386180969770067e-11
29	22	51.214616357639954	1.8417267710901798e-13
29	23	46.704495129388754	-1.1234533303650097e-11
29	24	39.99696129608285	-5.109086487209424e-12
29	25	37.16642911831964	-9.448513083043508e-12
29	26	33.56159489347565	4.504272510530427e-12
29	27	37.829390859302734	2.869455784093589e-12
29	28	43.657132769459174	2.140609467460308e-11
29	29	45.48716286766051	-3.310560714453459e-12
29	30	38.49261223442486	1.175180841528345e-11
29	31	28.052053547358714	-7.077005648170598e-12
29	32	22.665714205070202	-1.1591509974095971e-11
29	38	20.53631655733958	3.261789061070886e-11
29	43	22.35617006172361	1.6111698641907424e-11
30	0	36.05344281098941	1.962234819075093e-12
30	1	44.739866805146924	1.1004885891452431e-12
30	2	46.546626845122546	4.4769876694772395e-12
30	3	46.61994564451639	5.660467650159262e-12
30	4	46.67740806146574	-4.948788046021946e-12
30	5	57.86112533759816	-1.0750227374956012e-11
30	6	87.16647160123517	4.312141754780896e-12
30	7	125.53487094339225	-1.2252030501258559e-11
30	8	150.19403480305354	-2.409024091321044e-12
30	9	159.30585893240428	-4.5906745071988556e-12
30	10	146.54624222099986	9.320046956418083e-12
30	11	130.6180483444943	-1.5747900761198254e-11
30	12	113.84687353115469	2.7205260266782716e-12
30	13	96.64370621715489	1.1078782335971482e-11
30	14	91.61731239016302	-2.998149284394458e-11
30	15	92.16835983645207	-2.3517259251093493e-11
30	16	86.47209913631261	-8.550387065042743e-12
30	17	69.528876336945	-1.1015117706847377e-11
30	18	61.78781439028284	-1.8474111129762605e-12
30	19	58.231262037701484	-1.9020944819203578e-11
30	20	57.470760653440884	5.886704457225278e-12
30	21	52.79498895843738	1.0371650205343031e-11
30	22	42.25723985963116	1.4881607057759538e-12
30	23	35.096217423924024	1.3426415534922854e-12
30	24	28.49807612664658	9.634959496906959e-12
30	25	27.949916878044082	6.597247192985378e-12
30	26	27.380628293136407	4.542926035355777e-12
30	27	33.974811528819636	2.1793766791233795e-12
30	28	41.27855735934387	7.519247446907684e-12
30	29	44.83834978151048	3.5117864172207192e-12
30	30	39.88129763367764	1.2937562132719905e-12
30	31	29.880772453970405	-5.9310423239367085e-12
30	32	22.15962947452267	9.417817636858672e-12
31	0	34.96904301293236	1.4184706742526032e-11
31	1	47.29433404281507	-2.2396307031158358e-11
31	2	49.153455173049956	1.609805622138083e-12
31	3	46.76360239361271	-2.494289219612256e-12
31	4	48.02024611375515	-1.1067413652199321e-11
31	5	64.451272256401	-3.724380803760141e-12
31	6	95.6866268571227	-1.6899548427318223e-11
31	7	128.45916282776852	-1.348325895378366e-12
31	8	145.6398053911373	-2.3987922759260984e-12
31	9	153.22395067100973	-2.6252564566675575e-11
31	10	145.14010336664708	-2.2488393369712867e-11
31	11	134.4251964751638	-1.9005028661922554e-11
31	12	119.57324278720834	-9.649738785810768e-12
31	13	100.94372244649367	7.653397915419192e-12
31	14	91.90034823450115	-1.535795490781311e-11
31	15	87.11669580187531	-4.282583176973276e-12
31	16	77.81226669966085	-5.625224730465562e-12
31	17	61.08178371388991	-1.2387317838147284e-11
31	18	54.94748936848964	6.6063421400031074e-12
31	19	49.97787509532139	-1.1748397810151801e-11
31	20	44.274549477573444	4.721414370578714e-12
31	21	35.022601994475	1.6258354662568307e-11
31	22	23.511235290422114	1.2812506611226126e-12
31	26	21.21271363126576	5.550191417569295e-12
31	27	27.76103299376976	-9.674749890109524e-13
31	28	34.48958415897602	1.1368683772161604e-14
31	29	39.71646035617886	1.360490387014579e-11
31	30	38.54838470711356	1.1759766493923962e-11
31	31	31.389048187362864	-1.0928715710178948e-11
31	32	23.86991443495843	2.005094756896142e-11
31	41	24.171622769218597	1.1368683772161603e-15
31	42	22.43115191787862	1.3753833627561108e-11
31	47	21.60009388867162	-5.358060661819764e-12
32	0	40.05793198869779	-1.5905925465631298e-11
32	1	53.96360446594917	-1.5131718100747094e-12
32	2	52.709864423527904	-2.8455815481720494e-12
32	3	47.304414544590266	1.1782503861468285e-11
32	4	49.973042928991894	1.3470753401634284e-11
32	5	68.12421170054215	-1.1591509974095971e-11
32	6	94.276620716409	-1.969851837202441e-11
32	7	115.90684973377215	-1.3455974112730473e-11
32	8	124.42064438595631	-1.0265921446261927e-12
32	9	132.14208860143097	5.614992915070616e-12
32	10	131.60588170570952	-2.8751401259796695e-11
32	11	130.3449511872669	-1.96837390831206e-11
32	12	121.82477360058678	-6.356231097015553e-12
32	13	103.25830446810552	-3.2434854801977055e-11
32	14	88.51449964316876	8.14225131762214e-12
32	15	77.6588311305727	-1.1684733181027696e-11
32	16	67.51068338153246	2.248725650133565e-12
32	17	53.88809655189353	4.6952663979027425e-12
32	18	47.9307342377774	-5.725269147660583e-12
32	19	37.20220863903954	4.979483492206782e-13
32	20	24.973126985141075	-1.5802470443304629e-12
32	27	22.076063386862675	-6.511982064694166e-12
32	28	26.00499362457746	7.24526216799859e-12
32	29	31.711120456586205	4.240519047016278e-12
32	30	34.49024272846513	2.434717316646129e-11
32	31	31.607475769045543	1.82274106919067e-11
32	32	26.319010109215075	-1.4168790585245007e-11
32	38	20.278132722118702	1.918010639201384e-11
32	39	20.00988827065019	7.373728294624016e-12
32	41	26.33546455867572	-2.1236701286397874e-12
32	42	22.325602017235475	-1.0538769856793805e-12
32	47	20.681274149209376	1.9190338207408787e-11
33	0	42.275786355314146	1.2487362255342305e-11
33	1	53.531461760194226	8.833467290969566e-13
33	2	47.2835853783321	1.2732925824820997e-12
33	3	40.726228266403865	5.44787326361984e-12
33	4	45.24662619029255	1.0965095498249866e-11
33	5	60.41464318500461	-6.895106707816012e-12
33	6	75.32312230029049	-3.4549429983599112e-12
33	7	84.05802750340554	-5.51608536625281e-12
33	8	86.84246345338535	-3.4765434975270184e-12
33	9	98.1826374364226	-9.680434231995606e-12
33	10	107.08579697716277	-4.27235136157833e-12
33	11	116.7021354027214	-7.473772711819037e-12
33	12	116.15140606831243	-6.058371582184918e-12
33	13	98.97559253347367	-1.446096575818956e-12
33	14	80.26830843963755	1.748958311509341e-11
33	15	66.83230710755292	-1.274656824534759e-11
33	16	59.78536491009758	-8.643610271974467e-12
33	17	50.54756815813645	7.958078640513122e-13
33	18	43.26990631420022	-7.667040335945785e-12
33	19	26.31913090958859	1.2306600183364935e-11
33	29	25.243458223507172	1.467014953959733e-11
33	30	32.44925336007361	-1.5658088159398175e-11
33	31	34.40689219711162	2.310343916178681e-11
33	32	31.464475815895394	1.9800836525973866e-11
33	36	22.371904481091896	2.1905179892200977e-11
33	37	23.66449650745502	1.9315393728902566e-12
33	38	22.947491379741138	2.943352228612639e-12
33	39	21.374449941578828	2.0463630789890885e-14
33	40	21.05819743403491	4.638422979041934e-13
33	41	27.51417937729171	1.8320633898838424e-11
33	42	22.706754793134625	8.276401786133647e-12
34	0	42.161649315888255	1.0902567737502977e-12
34	1	48.87887025344063	-6.801883500884287e-12
34	2	40.06666838047941	-2.991100700455718e-12
34	3	36.20146172103098	-1.2732925824820995e-11
34	4	42.34935658024567	1.1034444469260052e-11
34	5	50.735129252524885	-1.5727437130408362e-11
34	6	53.083804601807046	-1.7553247744217514e-12
34	7	52.85830756171199	-7.239577826112509e-12
34	8	54.79949693357919	9.074483386939392e-12
34	9	70.46677593677468	2.7489477361086756e-12
34	10	85.53959305130789	2.6886937121162193e-12
34	11	102.49230301898972	1.0186340659856797e-12
34	12	108.51454464491499	-1.1480096873128787e-11
34	13	93.71366848071285	-1.0160192687180825e-11
34	14	73.79336033489483	5.195488483877853e-13
34	15	60.697805440079456	6.843947630841285e-12
34	16	57.6634462583299	1.3336602933122777e-11
34	17	51.655005018740965	-8.194547262974083e-12
34	18	42.725369999131416	-2.6557245291769504e-12
34	19	22.01470866059924	1.1141310096718371e-13
34	29	22.280382072070676	4.968114808434621e-13
34	30	33.97754339364513	9.19612830330152e-12
34	31	39.14304266746902	-1.3166072676540353e-11
34	32	36.75021957438745	1.5506884665228427e-11
34	33	20.864985426252815	-1.823536877054721e-12
34	35	20.99274586422609	-6.024265530868434e-12
34	36	28.124831044241688	1.0312533049727791e-11
34	37	27.58784116934084	-4.0324721339857204e-12
34	38	23.967503805656214	2.5988811103161424e-12
34	39	21.260830830193928	2.1668711269740014e-12
34	40	21.89591125587325	8.720917321625167e-12
34	41	28.98608148245567	-5.406946002040059e-12
34	42	23.539622769996804	3.865352482534945e-13
35	0	44.01938709585929	-3.2741809263825417e-12
35	1	48.437327546890614	-6.983782441238873e-12
35	2	41.63152360117498	-2.3312622943194583e-11
35	3	42.82702825555238	8.23433765617665e-12
35	4	49.372710100602916	6.450591172324494e-12
35	5	50.708915798252995	1.533408067189157e-11
35	6	45.063918410433345	-1.4794068192713893e-11
35	7	42.25118310910396	-3.401510184630752e-12
35	8	45.290033741021546	-1.1701786206685939e-11
35	9	61.126584527895986	-5.926494850427844e-12
35	10	75.91531103692414	-1.070361577149015e-11
35	11	95.38199104661413	-4.5827164285583424e-12
35	12	105.87058759035963	1.4216539057088084e-11
35	13	93.63124649856725	1.2064447219017894e-11
35	14	73.90192409790929	-1.3671979104401544e-11
35	15	61.7394152422734	-4.910134521196596e-12
35	16	61.3354986908237	-2.7330315788276493e-12
35	17	57.10702462953144	-1.7879528968478554e-11
35	18	47.72983566607874	8.413962859776803e-12
35	19	26.13706027988472	-1.140847416536417e-11
35	29	26.706272480577923	1.452576725569088e-11
35	30	39.82316381989456	1.7014372133417055e-11
35	31	44.262562572664145	1.2159944162704051e-11
35	32	40.85667814274078	1.2138343663536943e-11
35	33	25.18412818388882	8.875531420926564e-12
35	34	21.226975193227357	-6.1686478147748855e-12
35	35	27.570688879879853	-1.325588527834043e-12
35	36	33.02920820771379	-1.6639205568935724e-11
35	37	28.81619020089025	-8.949427865445614e-12
35	38	22.717078612759398	5.35919753019698e-12
35	39	20.61867355267752	-1.065018295776099e-11
35	40	22.646569949127805	-1.5506884665228427e-12
35	41	28.785207061418177	-5.098854671814479e-12
35	42	20.983628052511435	-5.6286353355972094e-12
36	0	44.74107578794822	1.414377948094625e-11
36	1	49.17996205286824	3.847162588499487e-12
36	2	45.68916640068437	-2.5704594008857384e-12
36	3	50.264430545852456	-5.895799404243007e-12
36	4	55.73142554126501	-1.6641479305690154e-11
36	5	53.10462574014059	-7.275957614183426e-14
36	6	45.66699619548081	4.968114808434621e-13
36	7	43.49269111077261	1.1598331184359267e-11
36	8	45.10722321870623	-1.2064447219017894e-11
36	9	56.19106187666265	7.732978701824322e-12
36	10	67.24290558878953	1.3000089893466794e-11
36	11	87.28656746685596	2.501110429875553e-13
36	12	100.61503259745754	-1.2061036613886245e-11
36	13	90.21417542039036	5.410356607171707e-12
36	14	71.35589973780802	6.2163962866179645e-12
36	15	60.620041056476886	1.511466507508885e-11
36	16	62.07283510627581	-6.99060365150217e-12
36	17	59.41908321244399	-2.2889707906870172e-11
36	18	51.79645583708815	-9.67588675848674e-12
36	19	32.17663816691948	-6.554046194651164e-12
36	28	23.298684896925664	9.742961992742494e-12
36	29	37.07016505419591	-2.5238477974198758e-12
36	30	46.29467028821054	-1.746911948430352e-11
36	31	47.17978939613408	2.937667886726558e-12
36	32	43.92989761149695	8.432152753812261e-12
36	33	31.21091375449382	1.4517809177050367e-12
36	34	29.490417750709344	1.083662937162444e-11
36	35	34.73281253268271	2.5909230316756292e-12
36	36	36.35399489708622	-1.2789769243681803e-12
36	37	29.00818375273032	-1.3870931070414372e-11
36	38	23.195453579966934	-1.25010046758689e-11
36	39	23.206078467857818	3.80168785341084e-12
36	40	24.951808939956006	3.321702024550177e-11
36	41	27.53264772630166	-5.707079253625125e-13
37	0	44.002101845997494	-4.936282493872568e-12
37	1	47.93424403855859	-2.5136159820249304e-12
37	2	45.26130066023133	9.098357622860931e-12
37	3	49.82520926785692	-2.335127646801993e-12
37	4	53.961900908713616	3.773266143980436e-12
37	5	51.09881694838123	-1.5512569007114506e-11
37	6	44.980110694546106	4.091589289600961e-12
37	7	42.277113384918316	5.263700586510823e-12
37	8	39.57291513465512	-3.0290721042547375e-11
37	9	45.69903148638593	-1.150283424067311e-11
37	10	54.90578424973773	1.2425971362972632e-12
37	11	75.53200460573275	9.802079148357734e-12
37	12	89.23755517249388	2.0523884813883342e-11
37	13	79.12748703827435	-1.500893631600775e-11
37	14	62.002195401114705	1.6641479305690154e-11
37	15	53.57921364071671	2.0334027794888245e-11
37	16	56.162455240418105	-8.672031981404871e-12
37	17	54.642193648945124	1.7148522601928562e-11
37	18	50.62525642458809	-2.3010215954855087e-12
37	19	35.98608012120998	-3.3446667657699438e-12
37	20	22.706538952833476	6.499476512544789e-12
37	27	23.263676557197297	1.3968701750854962e-11
37	28	34.77059618969287	5.533138391911052e-12
37	29	43.094574413645006	7.312337402254344e-12
37	30	45.32024103807719	-1.158582563220989e-11
37	31	43.53357306089594	8.534470907761716e-12
37	32	43.186629172026194	9.188170224661008e-12
37	33	34.89701499718506	-3.5697667044587436e-12
37	34	34.46753701958483	-1.206217348226346e-12
37	35	37.02993276121078	7.105427357601002e-13
37	36	35.33137547313461	-2.695514922379516e-12
37	37	27.781278917034655	1.1118572729174047e-11
37	38	24.641095312080953	-1.2284999684197828e-11
37	39	25.972052277860612	1.0004441719502211e-12
37	40	24.955687509897327	2.9842794901924208e-12
37	41	23.642502462821454	1.616058398212772e-11
37	49	20.75152758523489	8.807319318293594e-12
38	0	43.79334424638912	-2.14072315429803e-12
38	1	46.70010593217483	-3.162767825415358e-12
38	2	43.44714895461455	6.772324923076667e-12
38	3	47.018099999034646	-7.919425115687772e-12
38	4	51.22814612845776	-1.2367991075734609e-11
38	5	50.46583010468749	4.826006261282601e-12
38	6	45.79234278771359	-1.3415046851150692e-12
38	7	41.22458508730418	-1.023295226332266e-11
38	8	35.57810064285128	-1.2253167369635776e-11
38	9	41.59977658639022	-7.553353498224169e-12
38	10	52.54229761566415	-2.5955841920222156e-11
38	11	72.43454168378366	4.243929652147926e-12
38	12	82.85990402213802	1.0145413398277014e-11
38	13	71.51698267179027	1.0301164365955628e-11
38	14	56.76940889113064	2.4174369173124434e-11
38	15	50.30654893529807	1.2780674296664074e-11
38	16	51.96394276375034	-1.63561253430089e-11
38	17	50.374290564807325	-2.374918040004559e-12
38	18	51.22314414725737	-9.627001418266446e-12
38	19	44.04620557599843	6.9746874942211436e-12
38	20	35.16140543059013	1.9548451746231878e-11
38	21	26.86285305345944	1.6611920727882535e-11
38	26	25.73295787782144	7.815970093361102e-12
38	27	36.671250312832505	1.2042846719850787e-11
38	28	42.35597241561092	1.0495568858459593e-11
38	29	43.105041692876846	-1.6791545931482687e-12
38	30	40.41945549038817	-3.426521288929507e-12
38	31	38.96550900566807	1.7996626411331818e-12
38	32	42.439531299767445	3.410605131648481e-12
38	33	37.31328716039952	1.1735892258002423e-11
38	34	36.745107296781825	1.012608663586434e-11
38	35	36.85653511652864	-2.8421709430404007e-13
38	36	33.67282867135798	-3.828972694464028e-12
38	37	27.288691285463642	-1.6683543435647152e-11
38	38	25.662263240450983	1.8712853488978e-12
38	39	25.414353263337954	2.331944415345788e-11
38	40	20.343726177582127	1.2050804798491299e-12
39	0	41.96995948414262	-1.3843646229361183e-11
39	1	46.06372770605909	2.05068317882251e-11
39	2	43.599958896997855	1.6259491530945526e-11
39	3	46.9251231475321	1.0675194062059746e-12
39	4	52.12367848123555	-1.2563532436615788e-11
39	5	53.77007265311494	-5.109086487209424e-12
39	6	50.04082433757587	-2.4908786144806072e-12
39	7	44.63610805726538	-1.9454091670922936e-11
39	8	40.164861130735765	-3.3878677641041578e-12
39	9	50.42280026310662	8.359393177670427e-12
39	10	63.434037760317096	1.4548504623235203e-11
39	11	79.1420667095135	-1.7121237760875375e-12
39	12	83.1736633834818	-4.0301983972312886e-12
39	13	69.90295917449045	8.087681635515764e-12
39	14	57.33707858899792	2.1051391740911642e-11
39	15	51.37861770638662	-3.2514435588382183e-13
39	16	50.54581175580746	5.978790795779787e-12
39	17	48.760219953318185	1.6336798580596225e-12
39	18	55.17935426408951	7.23616722098086e-12
39	19	55.766931949319016	7.096332410583273e-12
39	20	51.52601198459422	1.2009877536911517e-11
39	21	44.36510879349877	2.949150257336442e-11
39	22	36.41864060845152	2.1017285689595156e-11
39	23	34.76409281501207	3.004060999955982e-11
39	24	34.287687025175046	1.9475692170090042e-11
39	25	39.96816960018751	2.421643330308143e-11
39	26	43.33606308690297	2.4507471607648767e-11
39	27	47.675452175921016	1.4249508240027354e-11
39	28	47.29967927314558	9.34164745558519e-12
39	29	44.95032941972911	-6.249365469557233e-12
39	30	42.49231154457585	1.2736336429952644e-11
39	31	43.07318705883322	1.1266365618212149e-12
39	32	48.68205901610277	-1.8441141946823337e-11
39	33	44.771490149597234	-6.550635589519516e-12
39	34	44.02107593751821	-5.638867150992155e-13
39	35	42.93510051905857	5.336460162652656e-12
39	36	38.781286145783696	-1.670287019805983e-11
39	37	32.00783155864398	-4.5724846131633966e-12
39	38	29.010957508588312	1.4719034879817627e-11
39	39	25.45325829374242	-3.296918293926865e-13
40	0	40.233300831785726	3.720970198628493e-12
40	1	48.3379747517304	5.7877969084074725e-12
40	2	47.256299850487814	-1.6132162272697314e-12
40	3	49.57080153103535	-6.077698344597593e-12
40	4	54.814065391533745	-1.4273382475948892e-11
40	5	57.88757465537635	-1.4158558769850061e-11
40	6	54.77510236336756	-1.4592842489946635e-11
40	7	49.91052701335268	-9.507630238658748e-12
40	8	48.531748057876676	7.802327672834508e-12
40	9	62.589026133487664	-8.355982572538779e-13
40	10	74.41819327678773	-1.1766587704187259e-11
40	11	82.92751500933211	-7.82847564551048e-12
40	12	80.03701171779761	1.0942358130705543e-11
40	13	65.47557970296972	1.767602952895686e-11
40	14	55.06843659105789	-1.8853825167752803e-11
40	15	49.72211356375683	-9.865743777481839e-12
40	16	47.8004532454855	9.17566467251163e-12
40	17	46.92508042924636	-1.1402789823478087e-11
40	18	57.438836163913045	1.783973857527599e-11
40	19	62.69424742630807	2.0007746570627206e-11
40	20	61.650921143818415	1.9210801838198676e-11
40	21	56.99757588780465	3.3808191801654174e-11
40	22	52.06849929675419	2.1304913389030845e-11
40	23	53.14754765182773	3.179025043209549e-11
40	24	52.98652769369255	2.6806219466379843e-11
40	25	55.28239054283322	4.480398274608888e-12
40	26	52.74928858506397	1.3933458831161261e-11
40	27	52.131907329858635	1.5190835256362334e-11
40	28	50.797723975774105	-3.225295586162247e-12
40	29	50.99839342990114	-1.5312480172724463e-11
40	30	51.13886215389831	-7.186145012383349e-12
40	31	52.14900057562838	-2.1827872842550277e-12
40	32	57.14971695163141	1.3322960512596182e-11
40	33	53.28963004385358	1.8693526726565325e-11
40	34	52.718034405935946	-2.3283064365386963e-12
40	35	50.641820307546894	1.8326318240724505e-12
40	36	44.609559163110006	-2.3957227313076148e-11
40	37	35.99027193339096	-1.832177076721564e-11
40	38	31.101436584400254	1.0151097740163096e-11
40	39	25.6661708192446	6.980371836107225e-13
41	0	41.81286020751424	1.731791599013377e-11
41	1	53.776239683812356	5.663878255290911e-12
41	2	52.02317135003572	6.491518433904275e-13
41	3	51.722340244079504	-1.6477770259371027e-11
41	4	56.22831993382429	5.663878255290911e-12
41	5	60.010288716684165	1.1579572856135201e-11
41	6	57.151650869057086	-2.089507233904442e-11
41	7	52.95426597641263	-1.3356498129724059e-11
41	8	53.67707725809356	2.4556356947869064e-13
41	9	68.48547725316386	2.1579467102128546e-11
41	10	76.37216580605035	-6.025970833434258e-12
41	11	78.16916752650965	-7.47604644857347e-12
41	12	71.43950897812763	-4.068851922056638e-12
41	13	58.40184522524672	-7.545963853772264e-12
41	14	52.2485505403187	3.275886228948366e-12
41	15	50.560053932847524	2.1154278329049705e-11
41	16	50.76354835022827	-3.410605131648481e-13
41	17	50.69290624043548	1.3895942174713128e-11
41	18	61.02163359057321	2.0621655494323933e-11
41	19	66.42405472884396	2.6898874239122963e-11
41	20	67.51909141668963	3.48228468283196e-11
41	21	66.59916172166531	2.3175630303740038e-11
41	22	64.52669077931482	3.176353402523091e-11
41	23	65.80364416387235	2.3383677216770593e-11
41	24	63.45985591804053	-1.1567635738174432e-12
41	25	62.412682586493204	1.5074306247697677e-11
41	26	56.89616903917173	2.039996616076678e-11
41	27	55.55879868695698	5.6854787544580174e-12
41	28	56.42644826769964	9.743530426931102e-12
41	29	59.3769661105079	9.32971033762442e-12
41	30	59.512920538556855	-1.7394086171407253e-13
41	31	57.63505697140523	1.5257910490618088e-11
41	32	59.752935072058364	3.6862957131233994e-12
41	33	54.60901751130329	1.1457359505584464e-11
41	34	53.024491917322706	3.0033220355107916e-11
41	35	49.01937527331733	-1.9156232156092302e-13
41	36	41.08871098448406	7.808580448909197e-12
41	37	31.708384832489237	3.9960923459148036e-13
41	38	26.88278153850755	-1.9433059605944436e-11
41	39	21.96696004551142	3.042828211619053e-12
42	0	43.6586451850627	1.3920384844823276e-11
42	1	55.9342184602289	1.7002435015456286e-11
42	2	51.281450424479935	-1.7931824913830495e-11
42	3	48.76714023415249	-1.9163053366355598e-11
42	4	53.20363283778932	-5.68206814932637e-12
42	5	57.133847435613326	1.9173285181750546e-12
42	6	53.88959187604839	-2.8870204005215782e-11
42	7	50.10865783995644	-1.1839915714517701e-11
42	8	51.578687083934376	-3.03771230392158e-12
42	9	64.7196700688831	1.9537083062459713e-12
42	10	68.18937035732421	4.972093847754877e-12
42	11	66.62012356878782	1.2645386959775351e-11
42	12	61.0622671569086	2.8161935006210115e-11
42	13	53.30252025483819	-7.6892092693015e-12
42	14	53.89604836012744	9.001723810797558e-12
42	15	58.04380392462468	5.7036686484934764e-12
42	16	60.87910624387545	1.2141754268668592e-11
42	17	58.75138026072947	2.6563498067844194e-11
42	18	64.44881511071934	2.7054056772612966e-11
42	19	67.64610493604987	3.764796474570176e-11
42	20	71.12636227694213	1.4978240869822912e-11
42	21	73.65962093437803	3.628770173236262e-11
42	22	71.7755982057811	4.21323420596309e-11
42	23	70.37365057796802	4.916955731459893e-12
42	24	66.00441938447992	1.603893906576559e-11
42	25	65.11895564457222	1.3191652215027716e-11
42	26	60.70891853795458	5.633182809106074e-13
42	27	60.258784665065726	1.947000782820396e-11
42	28	61.50071654089322	2.8114754968555645e-12
42	29	63.59935280561629	2.3287611838895828e-11
42	30	61.001943393641284	-6.57905729894992e-12
42	31	55.39589433448339	1.4226202438294422e-11
42	32	54.32463479146421	1.3782255336991512e-11
42	33	46.79607845608508	-4.206412995699793e-14
42	34	43.22984557136129	1.1034444469260052e-11
42	35	38.24877834446153	-1.2050236364302692e-11
42	36	31.142328739800792	1.3944827514933422e-11
42	37	23.647747167870097	1.4229044609237462e-11
42	38	20.49715092910584	6.9604766395059416e-12
43	0	44.43177074259294	1.1874590200022795e-12
43	1	53.65536647981581	1.9246044757892377e-11
43	2	46.69129123015028	-3.817604010691866e-12
43	3	44.344396717711206	1.0014673534897156e-11
43	4	49.094500605568285	9.124505595536903e-12
43	5	51.81986322418102	-1.4180159269017168e-11
43	6	47.76330955967807	-1.1848442227346822e-11
43	7	44.79144770911063	-1.703426733001834e-11
43	8	45.91543607229264	-1.4017587091075256e-11
43	9	55.15390620075164	-8.046754373935983e-12
43	10	54.0312048499779	-9.182485882774926e-12
43	11	52.09003190470662	-3.2088109946926126e-12
43	12	51.03108157627952	-1.0036274034064263e-11
43	13	49.23962238741081	1.0427356755826622e-11
43	14	54.53200312679688	2.4893438421713654e-11
43	15	61.03526679048558	8.850520316627808e-13
43	16	62.49452743498059	-4.555431587505154e-12
43	17	54.94079186845056	3.828347416856559e-11
43	18	54.72034236393594	3.811862825386925e-11
43	19	56.11038091076821	2.8790054784622044e-11
43	20	61.53037722805825	2.4828068490023726e-11
43	21	64.90683632347861	2.7080773179477548e-11
43	22	60.54399848432331	2.5431177164136897e-11
43	23	56.72413050029185	1.5847376744204668e-11
43	24	53.61945637818406	2.179206148866797e-11
43	25	56.420304913315775	1.1301040103717242e-11
43	26	54.180196570615756	1.491912371420767e-11
43	27	52.78626965140652	1.533180693513714e-11
43	28	51.508516738146916	1.6825083548610565e-11
43	29	51.46168511349781	8.493543646181934e-12
43	30	47.69735080046151	-3.1718627724330873e-13
43	31	41.32936687373928	1.816772510210285e-11
43	32	39.03193331761089	1.4068746168049984e-11
43	33	29.951510283662447	3.119794200756587e-11
43	34	26.231574210794097	-2.829665390891023e-12
43	35	23.911154245526603	-5.525180313270539e-13
43	36	21.0064311138631	-1.2121859072067309e-11
44	0	44.84140491624253	-9.538325684843586e-13
44	1	51.1792712173691	-5.710489858756774e-12
44	2	44.88715725389062	7.484004527213983e-12
44	3	44.501057183777704	-2.2151880330056883e-12
44	4	48.56863998617892	1.076841726899147e-11
44	5	49.091849531592096	2.0106654119445013e-11
44	6	45.23517240216693	-5.288711690809578e-12
44	7	44.010168385350106	6.6324901126790796e-12
44	8	43.363784265200124	-1.4500756151392124e-11
44	9	46.55272709851513	-9.650875654187985e-12
44	10	40.96863992863388	-1.7669208318693565e-11
44	11	40.57603859329323	1.1281144907115959e-11
44	12	44.179232438842554	-1.5342038750532082e-11
44	13	44.57657198003118	3.853301677736454e-11
44	14	48.053040231883955	-7.062226359266788e-12
44	15	50.670543324037865	1.226396761921933e-11
44	16	47.54197967416478	3.4422100725350905e-11
44	17	35.37790025359153	1.751573108776938e-11
44	18	32.115031754573955	3.696072781167459e-11
44	19	32.83657072061298	4.612275006365962e-12
44	20	38.010718133908675	4.070216164109297e-11
44	21	39.49304156407933	5.653078005707357e-11
44	22	33.00216176710429	2.5108874979196118e-11
44	23	29.931724188662116	3.102684331679484e-11
44	24	30.4684095963612	5.892957233299967e-12
44	25	36.285883768491175	1.865032572823111e-12
44	26	33.70575939070898	2.0037873582623433e-11
44	27	29.481809953458864	7.854055183997844e-12
44	28	25.824946867921543	2.9228317544038876e-11
44	29	25.960633401971673	-1.1596057447604836e-12
44	30	24.742690825756977	-2.2714630176778883e-12
44	31	21.178454849365608	-5.244942258286755e-12
44	32	20.138684638856176	2.577451141405618e-11
45	0	42.077261535724354	3.5689140531758314e-12
45	1	47.60757585176074	-8.039933163672685e-12
45	2	43.71204366861405	1.1499423635541462e-12
45	3	44.59849027505882	-2.233008444818552e-11
45	4	46.61450604701637	4.897628969047218e-12
45	5	45.532214436336666	-1.3164367373974528e-11
45	6	43.639096487045855	-1.4657643987447955e-11
45	7	44.4148475908929	-2.967766477013356e-11
45	8	40.90633144730741	3.204206677764887e-11
45	9	38.37910940015783	3.0436808629019653e-12
45	10	30.71827500643894	2.6906832317763474e-12
45	11	33.35985976281405	2.2968720259086694e-11
45	12	39.58887158661674	2.1983908027323196e-11
45	13	37.45126373557294	3.045840912818676e-11
45	14	34.765779041613705	2.414537902950542e-11
45	15	32.25830147115737	2.525808895370574e-11
45	16	27.46681578074708	3.694538008858217e-11
46	0	38.74034663841161	7.88958232078585e-12
46	1	44.12948991709489	3.711306817422156e-12
46	2	41.50301573967128	9.322889127361122e-12
46	3	41.63492054176566	-7.650839961570455e-12
46	4	41.13056254449904	1.963599061127752e-11
46	5	39.52451714045082	2.379778152317158e-11
46	6	39.830493598497576	1.1611689387791558e-11
46	7	41.68380395872087	3.2173375075217337e-12
46	8	36.026162362655214	-1.3019985090068076e-12
46	9	31.265459554373617	6.0506977206387096e-12
46	10	24.558594112831983	1.570612084833556e-11
46	11	29.48443649816093	-2.6420821086503568e-12
46	12	35.092756435806706	4.027157274322235e-11
46	13	28.790967451315833	3.071647824981483e-11
46	14	22.003172706722346	-4.991704827261856e-12
47	0	39.62295282933839	-7.52180540075642e-12
47	1	45.029065928395596	2.7608848540694453e-12
47	2	42.73713230188545	1.999751475523226e-12
47	3	41.66207277445882	6.74162947689183e-13
47	4	39.54819014027533	5.642561973218108e-12
47	5	37.97429699009819	1.4428280792344595e-11
47	6	39.52347596223357	3.085176558670355e-12
47	7	42.27838416227607	7.239293609018205e-12
47	8	37.392631699331666	2.4569715151301353e-11
47	9	34.01665035610062	-5.292974947224138e-12
47	10	27.980312480668175	1.055099119184888e-11
47	11	31.06565518276592	-1.3787371244688983e-12
47	12	33.391029758999004	9.530367606203072e-12
47	13	25.418140553495718	1.6574119854340096e-11
47	15	20.507794034469825	1.3663736808666727e-11
47	16	23.57772318640468	2.24977725338249e-11
47	17	20.740520337985078	3.8374423638742885e-11
47	18	21.70855885545973	5.362778665585211e-11
48	0	39.64030796530529	-1.8004868707066635e-11
48	1	46.99584402925215	4.679066023527412e-12
48	2	46.10299615090755	-1.5437251477123936e-11
48	3	44.92766657473123	-3.4117420000256972e-12
48	4	42.51800428134795	1.858779796748422e-13
48	5	41.41804414154698	-7.960352377267554e-12
48	6	44.17278472363178	-1.0332428246329073e-11
48	7	49.27676551615874	-1.4719034879817627e-11
48	8	47.7108678708756	-1.1738165994756855e-13
48	9	45.735374803073995	4.0648728827363814e-12
48	10	36.19164172110533	1.3636167750519236e-11
48	11	32.932498172739145	3.69757913176727e-11
48	12	32.048606228116185	1.5205614545266144e-11
48	13	26.536743935385715	3.585910235415213e-11
48	14	25.530267632766346	1.6552803572267293e-11
48	15	28.18674959803684	3.553111582732527e-11
48	16	31.131752887975836	2.5348754206788726e-11
48	17	27.67925478673896	2.0917241272400134e-11
48	18	27.310077164934356	3.391789960005554e-11
48	19	20.61695982091749	5.512760026249453e-11
49	0	37.124515575926324	-2.1572077457676643e-12
49	1	48.54073228696536	-3.7775294003949965e-12
49	2	49.28240409772717	-1.0637393188517307e-11
49	3	47.92096068843452	-2.5868018838082208e-12
49	4	45.70940038833912	4.452118673725636e-12
49	5	45.69663888394233	7.78982212068513e-12
49	6	50.20325674552143	2.1758808088634397e-11
49	7	58.03038398628134	5.599076757789589e-13
49	8	58.6714683606886	2.7935413982049794e-11
49	9	54.51779875844151	2.9135094337107145e-11
49	10	37.42916798937436	4.310635404181085e-11
49	11	26.729211137487138	-1.2716441233351361e-11
49	12	24.692657957731686	2.634237716847565e-11
49	13	23.284313332521826	-7.152323178161169e-12
49	14	25.16580711646013	6.90761225996539e-12
49	15	26.337896535770113	5.0179949084849794e-11
49	16	26.331124604528164	1.4381384971784428e-12
49	17	21.668381455963676	1.2391865311656148e-13
49	18	21.31384694742836	5.930189672653796e-12
49	41	21.43763874461626	1.086050360754598e-11
