_
0	0	114.6179809435778	4.338289727456868e-12
0	1	150.28430603050793	7.986500349943526e-12
0	2	147.81755629993341	5.4842530516907575e-12
0	3	140.92108729987126	7.324842954403722e-12
0	4	148.61493490163377	1.3330918591236696e-11
0	5	153.0445051212969	1.3683347788173705e-11
0	6	143.46744898065563	7.029257176327519e-12
0	7	134.41029646864396	1.7439560906495899e-12
0	8	132.4243988244359	1.5324985724873841e-12
0	9	124.75726148787155	2.6147972675971687e-12
0	10	107.30253181632852	1.9747403712244705e-12
0	11	91.18350264082396	9.958966984413564e-13
1	0	118.31813097218287	1.8667378753889354e-12
1	1	154.50105567708724	5.022684490540996e-12
1	2	152.28441497026378	2.9842794901924208e-12
1	3	145.4814236414301	3.971081241616048e-12
1	4	153.22922692459503	9.076757123693824e-12
1	5	157.72705124432363	9.991936167352833e-12
1	6	148.1846900368821	3.977902451879345e-12
1	7	138.99074483247693	-2.099795892718248e-12
1	8	136.5280728362166	-2.6011548470705746e-12
1	9	127.93084298177806	-7.73070496506989e-13
1	10	109.1130591152723	-1.6257217794191093e-12
1	11	91.39075026502917	-2.0327206584624945e-12
1	20	81.53161679643902	-5.3807980293640865e-12
1	21	80.89273972822326	-5.406946002040059e-12
1	22	80.8801760306891	-5.724132279283367e-12
1	23	85.38461220748043	-3.957438821089454e-12
1	24	88.22351534162185	-4.615685611497611e-12
1	25	85.71345512872371	-4.4485659600468355e-12
1	26	82.4906134818607	-2.6477664505364372e-12
1	27	80.21551288929233	5.195488483877853e-13
2	0	121.06587593904291	2.2737367544323207e-14
2	1	157.24746841856566	2.078195393551141e-12
2	2	154.8975208732751	-1.37674760480877e-12
2	3	147.97075101148673	1.1516476661199705e-12
2	4	155.7624564494558	7.881908459239639e-12
2	5	160.5679051058328	6.571099220309407e-12
2	6	151.57551796576493	-1.112994141294621e-12
2	7	143.02749346576374	-7.494236342608929e-12
2	8	141.08137786065373	-6.647269401582889e-12
2	9	132.65206996845984	-3.741433829418384e-12
2	10	113.5333651580621	-3.242348611820489e-12
2	11	95.08584977774855	-4.3166892282897605e-12
2	12	81.31626589524181	-4.4781245378544555e-12
2	19	88.0917745220012	-6.089067028369755e-12
2	20	95.056548964687	-4.38490133092273e-12
2	21	95.95460879847019	-4.5361048250924794e-12
2	22	96.56967176822715	-5.140918801771477e-12
2	23	100.80628794086746	-5.47743184142746e-12
2	24	102.63096998230606	-5.909441824769602e-12
2	25	98.57078588535704	-6.11407813266851e-12
2	26	93.46027146947982	-4.829416866414249e-12
2	27	89.10031809511148	-3.2855496101547034e-13
2	28	82.1717951490862	-2.4385826691286638e-12
3	0	122.40874552549829	-3.6834535421803596e-13
3	1	158.11442123325386	1.2278178473934532e-13
3	2	155.27913824996878	-1.8462742445990445e-12
3	3	148.0288757148207	-3.12070369545836e-12
3	4	155.85737635482172	3.3787728170864283e-12
3	5	161.20106442825644	5.804849934065715e-12
3	6	153.26118903382726	-5.177298589842394e-12
3	7	146.13634380406344	-9.639506970415824e-12
3	8	145.71299303222585	-1.0461462807143107e-11
3	9	138.58642898658346	-6.895106707816012e-12
3	10	120.28506953475814	-5.44787326361984e-12
3	11	102.04882989101498	-7.750031727482565e-12
3	12	87.95380641558515	-8.436700227321126e-12
3	17	81.30523731120829	-5.7889337767846884e-12
3	18	87.63196316079984	-7.233893484226428e-12
3	19	97.58242685349654	-2.9956481739645825e-12
3	20	105.83406778533103	-3.892637323588133e-12
3	21	107.49881049944457	-4.27235136157833e-12
3	22	108.2068149021171	-7.265725798788481e-12
3	23	111.86991863012183	-4.8476067604497076e-12
3	24	112.59342431956487	-5.488800525199622e-12
3	25	107.10717409516447	-7.306653060368262e-12
3	26	100.43563114448375	-6.6245320340385664e-12
3	27	94.5008760694316	-1.6677859093761071e-12
3	28	86.02128327314855	-6.133404895081185e-12
4	0	122.43443240908664	-1.6279955161735416e-12
4	1	157.39303529554599	-2.5931967684300615e-12
4	2	153.85248139919187	-4.99198904435616e-12
4	3	146.1258695955449	-3.936975190299563e-12
4	4	153.93854796379966	-4.877165338257328e-13
4	5	159.91631881016664	1.7325874068774283e-12
4	6	153.32280656405234	-1.4517809177050367e-12
4	7	148.14248303482876	-6.399432095349766e-12
4	8	149.97869497880532	-2.511342245270498e-12
4	9	145.04067560252662	-3.589093466871418e-12
4	10	128.47266709168576	-1.9440449250396343e-12
4	11	111.24146532348021	-5.049969331594184e-12
4	12	97.33774309458812	-5.780975698144175e-12
4	13	82.10579574667558	-1.683247319306247e-11
4	16	80.20412527901347	-6.181153366924264e-12
4	17	87.15367178828089	-7.753442332614214e-12
4	18	93.49149195817866	-8.336655810126103e-12
4	19	103.67646206218237	-4.328057912061922e-12
4	20	112.15166537574284	-2.7841906558023768e-12
4	21	113.81071760987221	-2.4044766178121793e-12
4	22	114.16017484140981	-3.445848051342182e-12
4	23	117.11995119884982	-4.046114554512315e-12
4	24	116.91955423376632	-8.36735125631094e-12
4	25	110.47047300817836	-8.109282134682871e-12
4	26	102.95983021899261	-8.86757334228605e-12
4	27	96.39042141222711	-3.907416612491943e-12
4	28	87.45477629252633	-6.8143890530336646e-12
5	0	121.7616108714831	-1.0288658813806251e-12
5	1	155.98466446651713	-1.9394974515307693e-12
5	2	151.69246534982187	-3.6800429370487106e-12
5	3	143.3791244956479	-8.43556335894391e-12
5	4	151.0225022364339	-1.5984369383659214e-12
5	5	157.48789867736704	-1.3108092389302328e-12
5	6	152.17004662709368	-8.045617505558766e-12
5	7	149.00534494702424	-1.1029896995751187e-11
5	8	153.35203128371785	-6.070877134334296e-12
5	9	151.02277152228183	-2.3089796741260214e-12
5	10	136.7110355542251	-3.3230662666028366e-12
5	11	120.99724966032244	-1.6859758034115657e-12
5	12	107.65169975238432	-4.120010999031365e-12
5	13	92.01590254496979	-5.165929906070232e-12
5	16	85.68128362882806	-2.812612365232781e-12
5	17	91.16022321579749	-5.9594640333671125e-12
5	18	96.36373667532398	-8.406004781136289e-12
5	19	105.7360365266984	-4.132516551180743e-12
5	20	113.60182082683356	-4.557705324259587e-12
5	21	114.7106941942821	-3.128661774098873e-12
5	22	114.47722923822934	-6.696154741803184e-12
5	23	116.8279941773872	-6.2914295995142315e-12
5	24	116.09612193496467	-7.2031980380415916e-12
5	25	109.34609056278423	-8.939196050050668e-12
5	26	101.89438831271627	-8.805045581539162e-12
5	27	95.78170746341871	-7.8227913036244e-12
5	28	87.61280098327609	-1.7996626411331818e-12
6	0	121.32458992404104	2.4556356947869064e-13
6	1	155.0848821396853	3.212790034012869e-12
6	2	150.14542400943273	-2.6886937121162193e-12
6	3	141.1511574462725	-4.28144630859606e-12
6	4	148.33784070584827	5.804849934065715e-12
6	5	154.85859111997948	5.891251930734143e-12
6	6	150.32438477705705	-4.403091224958189e-12
6	7	148.72598898015627	-9.413270163349807e-12
6	8	155.268567523109	-6.5574567997828126e-12
6	9	155.42260205010803	-5.848050932399928e-12
6	10	143.42991119336975	1.1800693755503745e-12
6	11	129.4268258429612	-5.924221113673411e-12
6	12	116.86435054976592	-9.77934178081341e-12
6	13	100.96961260615853	-3.9733549783704806e-12
6	14	86.88828216685394	-1.3579892765847035e-11
6	15	84.3280565661908	-6.778009264962748e-12
6	16	89.48136481239277	-7.1463546191807836e-12
6	17	92.90241244882688	-1.1141310096718372e-12
6	18	96.34726754771937	-4.284856913727708e-12
6	19	104.353845318357	-2.446540747769177e-12
6	20	111.21869970074418	1.914486347232014e-12
6	21	111.60322685978973	-1.716671249596402e-12
6	22	110.8479644025989	-4.5349679567152635e-12
6	23	112.87439688074703	-2.5556801119819284e-12
6	24	112.09213624509388	-1.0230678526568226e-11
6	25	105.68925872544598	-8.923279892769642e-12
6	26	99.08605593045839	-6.381242201314308e-12
6	27	94.33604736524663	-6.958771336940117e-12
6	28	87.92113259962387	-8.511733540217393e-12
6	29	80.92258333454116	-1.3458247849484905e-11
7	0	122.01811444080067	1.6257217794191092e-13
7	1	155.74340146116523	2.5011104298755527e-12
7	2	150.34460200235853	-2.411297828075476e-12
7	3	140.56705002212104	5.288711690809578e-12
7	4	146.89263945706665	-1.7394086171407253e-12
7	5	152.80204044386556	3.5913672036258504e-12
7	6	148.21342443830542	-9.032419256982394e-12
7	7	147.2986324051871	-1.1176553016412072e-11
7	8	155.24481687020756	-9.783889254322276e-12
7	9	157.29208929325492	-5.6832050177035856e-12
7	10	147.29301268136896	-2.389697328908369e-12
7	11	134.94030136114026	-1.1107204045401886e-12
7	12	123.30933016567982	1.5700152289355174e-12
7	13	107.4205224149667	-2.4874680093489586e-12
7	14	92.42972958826476	-7.794369594193995e-12
7	15	88.25364127101984	-4.104094841750339e-12
7	16	91.41797338922201	1.6211743059102446e-12
7	17	92.83176921128019	-6.9223915488692e-12
7	18	94.53273790562875	-3.3730884752003478e-12
7	19	101.21149171793212	-6.155005394248292e-12
7	20	107.18641543724634	-5.820766091346741e-13
7	21	107.05572572011475	-6.502887117676437e-12
7	22	106.0816719280936	-9.118821253650823e-12
7	23	108.15460725674676	-5.093170329928399e-12
7	24	107.72768606190473	-6.087930159992539e-12
7	25	102.08796252298623	-1.1314114090055227e-11
7	26	96.75183314809671	-1.1993961379630491e-11
7	27	93.7929850768026	-1.6132162272697314e-12
7	28	89.58117472756857	-6.6609118221094836e-12
7	29	84.93981702734526	-1.1160636859131046e-11
7	30	82.83840683481048	-1.3606040738523007e-11
8	0	124.32637537909665	2.17028173210565e-12
8	1	158.4514592266544	4.504272510530427e-12
8	2	152.78737823835843	-3.113882485195063e-12
8	3	142.11718645899367	-3.6209257814334707e-12
8	4	147.13949020188934	2.4931523512350395e-12
8	5	151.68431008828134	7.288463166332804e-12
8	6	146.05667527416955	-5.6138560466934e-12
8	7	144.7380648938662	-6.56427801004611e-12
8	8	153.05143231857187	-8.213874025386758e-12
8	9	156.15331184335182	-1.462012733099982e-12
8	10	147.61522354035176	-1.4654233382316307e-12
8	11	136.73444089995567	-5.557012627832592e-12
8	12	126.19373141695468	3.3344349503749984e-12
8	13	110.73682762855996	-1.2566943041747437e-11
8	14	95.43150371245349	-3.0036062526050957e-12
8	15	90.30569211295698	-9.368932296638377e-12
8	16	92.14460429888399	-1.8394530343357473e-12
8	17	92.17348850738395	-7.938751878100447e-12
8	18	92.70503780708637	2.2680524125462397e-12
8	19	98.59348230675863	-1.7848833522293718e-12
8	20	104.18896805039435	7.042899596854113e-12
8	21	104.02083348813942	-1.8553691916167736e-12
8	22	103.24703256553855	-4.2314240999985485e-12
8	23	105.68744962304498	-2.319211489520967e-13
8	24	105.8015632632818	-9.505356501904316e-12
8	25	100.95749983302557	-6.1970695242052896e-12
8	26	96.78053941726296	-3.2230218494078146e-12
8	27	95.40817565639327	-3.1650415621697903e-12
8	28	93.16049574733994	7.275957614183426e-13
8	29	90.6640067887016	-1.0512621884117834e-11
8	30	90.5629862414328	-6.658638085355051e-12
8	31	88.22799992159302	-1.2539658200694248e-11
9	0	128.074618074132	-5.991296347929165e-13
9	1	162.9051928872872	5.330775820766576e-12
9	2	157.12181868604097	2.0315837900852786e-12
9	3	145.4800753032563	-4.627054295269773e-13
9	4	148.84852837008424	9.218865670845844e-12
9	5	151.40040059452002	8.57198756420985e-12
9	6	143.87610659720494	-1.815578798414208e-12
9	7	141.16963341604625	-4.126832209294662e-13
9	8	148.8805504962053	-8.95965968084056e-12
9	9	152.23194501909182	-2.955857780762017e-13
9	10	144.64102624349735	-4.4110493035987024e-12
9	11	135.0858915776656	7.113385436241515e-12
9	12	125.8690215510332	-4.290541255613789e-12
9	13	111.40939225932533	-9.857785698841327e-12
9	14	96.59666282768225	-9.463292371947318e-12
9	15	91.46436229129377	-7.481730790459551e-12
9	16	92.96119131040943	-9.769109965418466e-12
9	17	92.55842875668601	-5.30576471646782e-12
9	18	92.80251242430333	-4.976072887075134e-12
9	19	98.6901465305487	1.2869350030086935e-12
9	20	104.58704267483186	5.054516805103049e-12
9	21	104.92872401172762	4.508251549850684e-12
9	22	104.72971891148302	-2.5352164811920374e-13
9	23	107.69201560003468	-5.429683369584381e-12
9	24	108.24114104867425	-8.01492205937393e-12
9	25	103.81214836630164	-1.0358576219005044e-11
9	26	100.16577673286902	-1.0131770977750421e-11
9	27	99.57410068599378	2.9035618354100733e-12
9	28	98.41202693035018	5.219362719799392e-12
9	29	97.22517574912251	2.893330020015128e-13
9	30	98.43298221334503	-5.488232091011014e-12
9	31	97.08409492053983	-2.439151103317272e-12
9	32	88.42919921728394	-2.5579538487363607e-14
10	0	132.4051272896259	6.572236088686623e-12
10	1	168.03725176024022	6.349409886752255e-13
10	2	162.2200286035729	-5.013589543523267e-13
10	3	149.62289490997927	2.31239027925767e-12
10	4	151.22180205839456	1.1075371730839834e-11
10	5	151.4914501024654	3.972218109993264e-12
10	6	141.6078943097935	-1.3343424143386074e-11
10	7	136.92938979617426	-7.054268280626275e-13
10	8	143.42907177689548	-9.55139967118157e-12
10	9	146.51771683212158	5.9594640333671125e-12
10	10	139.57409687806384	-2.212345862062648e-12
10	11	131.3390267770385	8.693632480571978e-12
10	12	123.76353613347125	-5.034053174313158e-12
10	13	110.91371167941419	-4.214939508528915e-12
10	14	97.42753423411665	-6.488676262961235e-12
10	15	93.24721808056556	-3.777813617489301e-12
10	16	95.38915153100922	-2.582964953035116e-12
10	17	95.49442862090139	-2.8654767447733322e-12
10	18	96.29361316554733	-9.935092748492025e-12
10	19	102.89770958826377	-3.3691094358800912e-12
10	20	109.66810472488584	2.304432200617157e-12
10	21	110.92094570349468	-5.763922672485933e-12
10	22	111.4886942497991	2.1321966414689085e-12
10	23	114.90734330019204	-5.259153113001957e-12
10	24	115.52534484478724	-3.097966327914037e-12
10	25	110.82681193112406	-7.045173333608545e-12
10	26	106.7335627077521	-3.7147174225538034e-12
10	27	105.72969352011327	-3.720970198628493e-12
10	28	104.36787256779364	-4.073399395565502e-12
10	29	103.26056927566623	-1.9122126104775817e-12
10	30	104.74520714781983	-6.531308827106841e-13
10	31	103.65648535934582	-3.2781599657027983e-12
10	32	94.96693671477162	-1.6979129213723355e-12
10	33	84.42183600991683	-3.4162894735345618e-12
11	0	136.00314660724734	6.2152594182407485e-12
11	1	172.31797624564703	1.9804247131105514e-12
11	2	166.5181185448898	-3.417426341911778e-12
11	3	153.14163998353152	-1.129876636696281e-11
11	4	153.19702092863892	8.02970134827774e-12
11	5	151.3811656630745	4.076810000697151e-12
11	6	139.2488642960596	-3.5561242839321495e-12
11	7	132.60736552731925	-1.2573195817822125e-11
11	8	137.8349152261059	-5.524043444893323e-12
11	9	140.59777847928578	1.1448832992755342e-11
11	10	134.31781011634072	4.649791662814095e-13
11	11	127.56713820288081	-2.801243681460619e-12
11	12	121.97932689124517	5.429683369584381e-12
11	13	111.25725422479177	1.1934844224015251e-11
11	14	99.73742319780207	-1.4671854842163157e-11
11	15	97.19805465813836	-3.797140379901975e-13
11	16	100.6492224398515	1.5660361896152609e-12
11	17	101.84480115935293	-1.7610091163078324e-11
11	18	103.66797138771021	-1.622197487449739e-11
11	19	111.33458552366369	-2.0241941456333734e-12
11	20	119.20148840481518	3.925038072338793e-12
11	21	121.45879479788626	4.419575816427823e-12
11	22	122.73298820706324	-3.0013325158506634e-12
11	23	126.35275611360778	-9.657696864451283e-13
11	24	126.54281775059154	-3.8272673918982035e-12
11	25	120.80504591543247	-1.1974634617217816e-11
11	26	115.22832617649566	-9.506493370281533e-12
11	27	112.56658910140231	-1.0970779840135947e-13
11	28	109.66044575647798	-3.396394276933279e-12
11	29	107.33629669332105	5.75312242290238e-12
11	30	108.00551637671843	-1.17694298751303e-11
11	31	106.42100024011154	9.64064383879304e-13
11	32	97.35769499383632	-2.0968968783563468e-11
11	33	86.32830015654795	4.297362465877086e-13
12	0	137.50897282005542	8.357119440915995e-12
12	1	174.23356190053448	6.41023234493332e-12
12	2	168.51152702643228	9.768257314135553e-12
12	3	154.7221610821792	-2.652598141139606e-12
12	4	153.82576249601686	6.46792841507704e-12
12	5	150.630637549789	-8.8218143901031e-12
12	6	136.9594370289275	-8.427889497397701e-12
12	7	128.9847939559277	-2.039655555563513e-11
12	8	133.45001054567314	4.138200893066823e-12
12	9	136.28122641165967	-2.207485749750049e-11
12	10	130.97875686308615	5.9299054555594925e-12
12	11	125.99057721794581	-4.131379682803527e-12
12	12	122.66477753820453	2.4709834178793243e-12
12	13	114.34682205681948	-1.435267904525972e-11
12	14	105.05014153090295	-6.627374204981607e-12
12	15	104.35066048604284	-1.2760779100062792e-11
12	16	109.21449853983626	3.1457147997571157e-12
12	17	111.4877638240911	-9.116547516896389e-12
12	18	114.2112546854551	-3.519460278766928e-12
12	19	122.733057292667	-6.7646510615304576e-12
12	20	131.44166182361033	-1.7530510376673192e-12
12	21	134.42774481339734	-7.847802407923155e-12
12	22	136.11345944784958	-7.881624242145335e-12
12	23	139.59159884216086	-6.488107828772627e-12
12	24	138.91246369703697	-3.2292746254825035e-12
12	25	131.542708620488	-1.2911414160043933e-11
12	26	123.70802800626414	-5.032347871747334e-12
12	27	118.4459452801312	-9.182201665680622e-12
12	28	112.9522016697365	-1.3943690646556207e-12
12	29	108.38085444249705	4.9936943469219846e-12
12	30	107.35533838076493	-9.024176961247576e-12
12	31	104.67805859199582	-9.784741905605187e-12
12	32	95.02001445780974	8.814708962745498e-12
12	33	83.69592312125533	3.3628566598054024e-12
13	0	135.98229877532492	-3.5771563489106484e-12
13	1	172.78497373884545	7.810285751475021e-13
13	2	167.24173065431663	-4.4698822421196385e-12
13	3	153.56573457480968	-5.161950866749976e-12
13	4	152.59203948101649	8.905232107281335e-12
13	5	149.1123278569444	-7.564295856354874e-12
13	6	135.06821647733523	-1.2940120086568641e-11
13	7	126.86031263125551	-1.6570709249208448e-11
13	8	131.4962096502999	3.530686853991938e-12
13	9	135.10917103481324	-1.9454802213658695e-11
13	10	131.26922124816718	-3.254569946875563e-12
13	11	128.319746806461	6.941007768546115e-12
13	12	127.35130184784319	-6.459401902247919e-12
13	13	121.37224707091869	-1.2963852213943028e-11
13	14	114.07943635071207	-5.330775820766576e-12
13	15	114.84423000193124	-1.1787903986260062e-12
13	16	120.5906505225676	-1.64897073773318e-11
13	17	123.27702263893022	-4.969251676811837e-12
13	18	126.14772740501496	-1.3204299875724247e-11
13	19	134.75194132164063	5.07853314957174e-12
13	20	143.58720586121532	2.394813236605842e-12
13	21	146.70959979809405	-3.731486231117742e-12
13	22	148.36900923604745	-5.396145752456505e-12
13	23	151.41029890333922	-1.0795986327138962e-12
13	24	149.6559974689268	-1.2022951523249503e-11
13	25	140.46003518726954	-1.533763338557037e-11
13	26	130.1098442420645	-2.363165663155087e-11
13	27	121.88129214841976	-7.044320682325633e-13
13	28	113.32872588032755	1.1410179467929994e-11
13	29	105.98981990576486	-4.420570576257887e-12
13	30	102.795492354918	-7.2033401465887435e-12
13	31	98.7067212354573	-1.5269563391484553e-12
13	32	88.38285628960574	4.112479246032308e-12
14	0	131.26002384039242	-4.911271389573813e-13
14	1	167.8409057007643	-5.1073811846436e-13
14	2	162.61410561443344	-6.391474016709253e-12
14	3	149.6399745971351	-6.289155862759799e-12
14	4	149.56644143308148	-1.7991794720728648e-11
14	5	147.04363197048121	-1.8503669707570224e-11
14	6	133.97089130777474	-1.063824583980022e-12
14	7	126.81268569704902	2.2103563424025195e-12
14	8	132.70430840688118	-2.148880184904556e-11
14	9	137.89628607443834	-5.287859039526666e-12
14	10	135.989302458379	-1.6363514987460803e-11
14	11	135.22429861257328	1.3876615412300453e-11
14	12	136.46025049101738	-3.4691538530751132e-12
14	13	132.40102937290618	-1.283524397877045e-11
14	14	126.45614103574022	-1.2970531315659173e-11
14	15	127.81849947656804	-1.414377948094625e-11
14	16	133.40202440060847	-8.587335287302266e-12
14	17	135.3272202320887	-1.0012115581048419e-11
14	18	137.11794860791267	-7.892708708823193e-13
14	19	144.62433096646083	-2.5706015094328906e-11
14	20	152.562959921296	-3.658442437881604e-12
14	21	155.05286374070417	-1.5552359400317074e-11
14	22	156.23244253258108	-1.4276224646891933e-11
14	23	158.70519252622213	-7.03352043274208e-12
14	24	156.01449346828284	-4.587263902067207e-12
14	25	145.30477275705192	-1.2835528195864754e-11
14	26	132.80881015242545	-1.0620908597047673e-11
14	27	121.93621138125172	-6.303935151663609e-12
14	28	110.53437246734981	3.290381300757872e-12
14	29	100.5127389915043	-1.256012183148414e-11
14	30	95.1493563279256	-4.498588168644346e-12
14	31	89.63716257284312	1.8488321984477806e-12
15	0	124.07950439452775	-3.2969182939268646e-14
15	1	160.2249897454583	-1.0949463558063144e-11
15	2	155.44492764638008	-1.0412577466922813e-11
15	3	143.6800612716391	-7.1597128226130734e-12
15	4	145.35571450649851	-1.1520739917614265e-11
15	5	144.88041792332234	1.1311840353300795e-13
15	6	133.96697326400397	-1.9840058484987823e-11
15	7	128.98561865006204	-3.246242386012455e-11
15	8	137.058833545499	-1.2739462817989989e-11
15	9	144.4548710085363	3.0681235330121127e-12
15	10	144.75619807193755	-7.515268407587428e-12
15	11	146.0983668916984	-1.8236505638924427e-11
15	12	149.1369139089343	3.0510705073538704e-12
15	13	146.31285129607107	9.315783700003521e-12
15	14	140.7906281319766	3.9602809920324945e-12
15	15	141.62428877777307	-1.5467094272025862e-11
15	16	145.76072181633347	-3.0777300707995895e-11
15	17	145.54060669187677	-7.347011887759436e-12
15	18	144.84984526775608	-5.972822236799402e-12
15	19	149.9477604589681	-6.803020369261504e-12
15	20	155.89300652329806	-6.172911071189446e-12
15	21	156.9835815760562	8.36735125631094e-13
15	22	157.32883718825536	-1.7921877315529856e-11
15	23	159.31695179005183	-9.614495866117068e-12
15	24	156.17102242751957	-1.4380248103407213e-11
15	25	144.72359145109323	-1.3322676295501878e-11
15	26	131.0111794394436	-6.3636207414674574e-12
15	27	118.42841318292982	-5.5106852414610334e-12
15	28	104.99271433474371	-1.0748237855295884e-11
15	29	92.91184411648258	-4.214371074340306e-12
15	30	85.79546246862427	-9.328857686341508e-12
16	0	115.91592370282231	5.245510692475364e-12
16	1	151.5056293791309	5.5655391406617125e-12
16	2	147.2271439048922	-1.837179297581315e-12
16	3	136.95219363986482	-1.0546727935434319e-11
16	4	140.88220253305687	-4.849596280109836e-12
16	5	143.12664001370086	-1.9116441762889736e-11
16	6	135.10990107017878	-1.3452563507598825e-11
16	7	132.9857266985669	-2.112869879056234e-11
16	8	143.7495101756613	-1.351764922219445e-11
16	9	153.6048130474334	-2.0360175767564215e-11
16	10	156.07772443010475	-6.257323548197746e-12
16	11	159.20295845033343	-4.885123416897841e-12
16	12	163.46700396719098	-1.5225509741867427e-12
16	13	161.09455613866095	-1.1589804671530147e-11
16	14	155.04892305181085	-5.124434210301843e-13
16	15	154.28060299018088	-9.270308964914876e-12
16	16	155.80078814239835	-1.184332631964935e-12
16	17	152.20981549963668	-8.122356121020858e-12
16	18	147.81633807984858	-8.613767477072542e-12
16	19	149.37736685361074	-1.2497594070737251e-11
16	20	152.40460085775663	-9.537757250654976e-12
16	21	151.49057098191273	-1.1959002677031094e-11
16	22	150.80946266385666	-2.491447048669215e-12
16	23	152.57981063921736	-1.483755340814241e-11
16	24	149.68414636956285	-1.4783836377318948e-11
16	25	138.55466000741592	-1.0876419764827006e-11
16	26	124.8901665258853	-7.062794793455396e-12
16	27	111.90476975853464	-1.9303456610941796e-11
16	28	97.6305947591753	-1.6842705008457415e-11
16	29	84.45843700269218	2.8938984542037362e-12
17	0	108.57873433203979	-1.1643805919447914e-11
17	1	143.55558545356848	-8.354277269972954e-12
17	2	139.6972436088954	-2.75770162261324e-11
17	3	130.8695088149161	6.190248313941993e-12
17	4	137.08425440795855	3.67151642421959e-12
17	5	142.14555967007828	-5.628066901408602e-12
17	6	137.14486128122616	-3.007585291925352e-11
17	7	137.95210268791516	-7.215703590190969e-12
17	8	151.36806585943742	-1.244757186213974e-11
17	9	163.4851739641889	5.275069270282983e-13
17	10	167.76038316346808	-1.7251977624255233e-11
17	11	172.1485227727819	-9.646896614867729e-12
17	12	177.01013930063291	8.996039468911476e-12
17	13	174.40117501994118	-1.2162786333647091e-11
17	14	167.11963314925558	-2.5273152459703852e-11
17	15	164.02870406957433	-1.548244199511828e-11
17	16	162.20423934692118	-1.3254179975774606e-11
17	17	154.50439630853472	-1.690636963758152e-11
17	18	145.67427846780058	-1.4871375242364593e-11
17	19	143.01159319558906	1.743387656460982e-12
17	20	142.55627171796496	-1.5510863704548683e-11
17	21	139.29161236405477	-8.079155122686643e-12
17	22	137.5509323104715	-9.393943400937132e-12
17	23	139.44750183361623	-2.893330020015128e-12
17	24	137.53400362892395	-1.3258159015094862e-11
17	25	127.78817499462149	-7.27482074580621e-12
17	26	115.4580913478759	-1.288242401642492e-11
17	27	103.42718724647794	-3.019522409886122e-12
17	28	89.58645656462097	8.328129297296982e-12
18	0	103.69423971051626	-4.038156475871802e-12
18	1	138.02355215461714	-2.488604877726175e-12
18	2	134.34736151759472	-1.3017142919125035e-11
18	3	126.59347515758503	-1.7024603948812e-12
18	4	134.64783828874698	-3.3975311453104952e-12
18	5	142.05069254606445	-6.019718057359569e-13
18	6	139.57386424153094	-1.593775778019335e-11
18	7	142.79515687610217	-1.0239205039397347e-11
18	8	158.3060284345039	-4.599769454216585e-12
18	9	172.08371991411227	-1.6804619917820673e-11
18	10	177.53394054621148	-9.339942153019365e-12
18	11	182.57198028848683	4.816911314264871e-12
18	12	187.48458318792473	-9.026734915096313e-13
18	13	184.20523051304863	-4.699813871411607e-12
18	14	175.38970085203945	-1.7406591723556632e-11
18	15	169.80410516411266	6.110667527536862e-13
18	16	164.54907603328206	-1.879584488051478e-11
18	17	152.68566472741324	-2.1985897546983326e-11
18	18	139.34785701342292	-1.5646719475626014e-11
18	19	132.3554558820597	-1.1100951269327197e-11
18	20	128.29946140075378	-1.0225562618870755e-11
18	21	122.61614229955978	-1.0869030120375101e-11
18	22	119.88256547636671	-8.912479643186088e-12
18	23	122.18695819049051	-6.4295591073459945e-12
18	24	121.80002068979266	-8.930101103032939e-12
18	25	114.24081354928369	-1.6117382983793506e-11
18	26	104.24557059876639	-1.4060219655220862e-11
18	27	94.26094541603628	-1.746229827404022e-11
18	28	81.91033068311201	2.8853719413746147e-12
19	0	102.24041468269786	-8.969891496235505e-13
19	1	135.8858837059112	-2.0287416191422382e-11
19	2	132.03753590701177	4.023377186967991e-12
19	3	124.74799420548848	-2.9172042559366673e-12
19	4	133.85667592009207	-7.395328793791122e-12
19	5	142.71497947499063	-1.6949570635915734e-11
19	6	141.8329808139753	-1.2322516340645962e-11
19	7	146.5357442825886	-9.810037226998248e-12
19	8	163.2347475917563	-1.4404122339328751e-11
19	9	177.82386097931297	-7.921698852442206e-12
19	10	183.70134049473174	-8.585629984736442e-12
19	11	188.79953055153263	1.9152821550960652e-11
19	12	193.39103958379337	-5.771880751126446e-12
19	13	189.3322225899626	-2.136175680789165e-12
19	14	179.1491361974413	-8.44693204271607e-12
19	15	171.47867868458886	-2.2223503037821504e-11
19	16	163.3703117287293	-1.4540546544594691e-11
19	17	147.98324584192818	-1.0613803169690072e-11
19	18	130.73246633681833	-6.004938768455759e-12
19	19	119.87729814904314	-1.8338823792873882e-11
19	20	112.52454922643308	-7.80801201472059e-12
19	21	104.58358235434537	-1.3130829756846652e-12
19	22	100.94190541016556	-1.6575540939811617e-12
19	23	103.75295923283807	-1.2867076293332503e-11
19	24	105.08958036441364	-6.1584159993799405e-12
19	25	100.06340161212091	-1.2705640983767808e-11
19	26	92.90192599693889	4.206412995699793e-14
19	27	85.57058571308289	3.8698999560438096e-12
20	0	104.28234755090598	2.795559339574538e-12
20	1	137.2154847857944	2.021351974690333e-12
20	2	132.8213100567961	-1.0793428373290226e-11
20	3	125.3242766007303	2.88082446786575e-12
20	4	134.59488669395265	-4.233697836752981e-12
20	5	143.88250178048418	1.4314309737528674e-11
20	6	143.51486422086288	-4.455387170310132e-12
20	7	148.62936803244662	-3.1471927286474964e-11
20	8	165.5112336972366	2.391971065662801e-12
20	9	180.02229406648908	-5.03632691106759e-13
20	10	185.61069871103064	9.180212146020494e-12
20	11	190.2908777591353	-2.1004780137445777e-11
20	12	194.38580973278732	-1.6683543435647152e-11
20	13	189.7219968116185	5.82986103836447e-12
20	14	178.70622824324084	-3.637978807091713e-13
20	15	169.8051781419338	-1.7138290786533616e-11
20	16	159.92196724637708	-2.1950654627289624e-11
20	17	142.17726424391066	-4.285993782104925e-12
20	18	122.11489862826879	-1.1700649338308722e-11
20	19	108.29884274884422	-1.5400019037770108e-11
20	20	98.2639562673248	-1.2050804798491299e-12
20	21	88.36991766540383	-8.550387065042743e-12
20	22	83.85730893191301	-2.5079316401388495e-12
20	23	87.03594339979352	-9.772520570550115e-12
20	24	89.8919109227864	-3.2218849810305983e-12
20	25	87.22944440760023	-5.297806637827307e-12
20	26	82.83229796202072	-4.226876626489684e-12
21	0	108.98869441955394	-4.18367562815547e-12
21	1	141.22893400675127	-8.844835974741727e-12
21	2	136.02065332584615	-2.683009370230138e-13
21	3	127.78254029428248	-1.1070824257330968e-11
21	4	136.4750621207025	-7.451035344274715e-12
21	5	145.32159748926125	-7.480593922082335e-13
21	6	144.54313966791864	1.1294787327642554e-11
21	7	149.15450379861588	-1.984062691917643e-11
21	8	165.36892783880435	-5.652509571518749e-12
21	9	179.0666211672749	-1.036596586345695e-11
21	10	183.8007004911878	1.7382717487635092e-12
21	11	187.73102369071853	1.9963408703915773e-12
21	12	191.29687022839767	3.2287061912938955e-12
21	13	186.34821725665614	4.170033207628876e-12
21	14	175.19294996420288	-1.0822986951097846e-12
21	15	166.09686577211454	-1.449052433599718e-11
21	16	155.72718307615264	-1.287958184548188e-11
21	17	137.02496631422585	-1.0968506103381515e-11
21	18	115.49326178825733	-1.775333657860756e-11
21	19	99.8357980635195	-2.7284841053187846e-13
21	20	87.88993643054437	-8.251390681834891e-12
22	0	114.91545830243226	3.818740879069083e-12
22	1	146.57978653163318	-6.17319528828375e-13
22	2	140.5022523196041	3.98244992538821e-12
22	3	131.2893498765084	2.70915734290611e-12
22	4	139.02026073614255	-6.456275514210574e-12
22	5	146.94080608585503	-6.076561476220377e-12
22	6	145.21680858133556	-2.0319248505984432e-11
22	7	148.78432929778515	-9.746372597874143e-12
22	8	163.81891763607368	-3.035438567167148e-12
22	9	176.2503757769713	1.6464127838844433e-11
22	10	179.77481320877055	2.582737579359673e-11
22	11	182.74908721669607	2.5376039047841915e-11
22	12	185.791977700986	-1.8360424292040987e-12
22	13	180.83925945281013	-1.4093757272348739e-11
22	14	170.14102714849687	-1.0147687135031447e-11
22	15	161.76065919348045	-7.331664164667017e-12
22	16	152.07101919786484	-2.1723280951846392e-11
22	17	133.71792020020067	1.8098944565281274e-11
22	18	112.00700146552225	-6.161826604511589e-12
22	19	95.61389460500006	-2.8962858777958902e-11
22	20	82.53488642999604	-1.4540546544594691e-12
23	0	120.45629660297269	2.673914423212409e-12
23	1	151.78840939209005	-8.549250196665526e-12
23	2	145.0462270049908	-4.3928594095632435e-12
23	3	134.99106389837104	-1.3017142919125037e-12
23	4	141.81711592175887	1.524199433333706e-11
23	5	148.8071379521581	4.0893155528465285e-12
23	6	146.09018785130266	2.4220980776590296e-11
23	7	148.53533475059783	-1.2540795069071464e-11
23	8	162.2833863974108	-1.3870931070414372e-11
23	9	173.31464405605425	5.082938514533453e-12
23	10	175.47905881793994	-2.326032699784264e-12
23	11	177.3620087007684	1.245325620402582e-11
23	12	179.81697713957416	9.940777090378105e-12
23	13	174.9360361020513	9.215455065714196e-12
23	14	164.97839750886106	1.123908077715896e-11
23	15	157.8444213037923	-1.3740191207034513e-11
23	16	149.60383010320348	-2.5295321393059567e-11
23	17	132.5408427349151	-2.7105215849587696e-11
23	18	111.64655920953578	5.270521796774119e-12
23	19	95.42309245158873	-1.3626504369312897e-11
23	20	81.88439951423518	1.1459633242338895e-11
24	0	124.30838145339035	5.0852122512878855e-12
24	1	155.66260892013463	-2.7284841053187846e-13
24	2	148.68000409567603	1.0122676030732692e-11
24	3	138.22607022854012	-1.0215899237664416e-11
24	4	144.58145891414495	-2.905835572164506e-12
24	5	151.0522332753409	6.0356342146405954e-12
24	6	147.71992852971167	-3.9676706364843997e-13
24	7	149.36859328620076	2.0692141333711333e-11
24	8	162.07638308362337	8.351435099029914e-12
24	9	171.84321385986118	2.472006599418819e-11
24	10	172.65295286908116	-1.4358647604240104e-11
24	11	173.3254538261547	-1.8872015061788263e-13
24	12	174.9894843000472	-3.702780304593034e-12
24	13	169.96584441510205	-2.926299202954397e-12
24	14	160.6116613677323	4.851017365581356e-12
24	15	154.74501270787528	-9.516725185676479e-12
24	16	148.1793904721765	1.3857288649887778e-11
24	17	132.83223628527963	1.0713847586885094e-11
24	18	113.31891137980872	1.4415491023100912e-12
24	19	97.86349716713994	3.1889157980913297e-12
24	20	84.37584795491517	-1.222247192345094e-11
25	0	125.80577896716139	-1.0368239600211383e-12
25	1	157.5788791568369	2.1441337594296783e-12
25	2	150.87756481828634	-4.786215868080035e-13
25	3	140.6167748873748	1.019429873849731e-11
25	4	147.12535720491084	3.0877345125190914e-12
25	5	153.7065518483699	2.1565256247413344e-11
25	6	150.36958708221405	-1.9437038645264692e-11
25	7	151.7794348783125	-1.6409558156738058e-11
25	8	163.9041701388787	-1.2546479410957545e-11
25	9	172.70837050525944	5.012452675146051e-12
25	10	172.26211186122498	1.2511236491263844e-11
25	11	171.5977237300867	7.526068657170981e-12
25	12	172.1376428344401	1.547391548228916e-11
25	13	166.49425857093627	-8.506049198331312e-12
25	14	157.22010055366565	-5.68206814932637e-12
25	15	152.16091642081923	-3.927652869606391e-11
25	16	146.9682178767992	-1.6385683920816518e-11
25	17	133.24592726833745	2.867182047339156e-12
25	18	115.23186094406392	4.797584551852197e-12
25	19	100.8171343808447	1.2282725947443397e-11
25	20	87.71684297049094	9.747509466251358e-12
26	0	125.02530805117954	1.2024656825815327e-11
26	1	157.5526679067023	-3.3423930290155115e-12
26	2	151.58382011011935	-1.7914771888172255e-11
26	3	142.0385737456991	-9.75887815002352e-12
26	4	149.26380751364528	1.9715571397682654e-11
26	5	156.54121123813798	-4.051798896398395e-12
26	6	153.78965170310548	8.16612555354368e-12
26	7	155.52518753104175	1.1652900866465643e-12
26	8	167.55699339762444	2.0993411453673616e-11
26	9	175.74942324574164	-8.463985068374314e-12
26	10	174.1915192728294	1.5827481547603384e-11
26	11	172.07899616176897	4.641833584173582e-12
26	12	171.11703613360635	8.816414265311323e-12
26	13	164.24849970664818	1.9326762412674725e-12
26	14	154.30782965127838	-4.488356353249401e-12
26	15	149.2858036555009	1.562739271321334e-11
26	16	144.79316056392523	1.3311591828824021e-11
26	17	132.21628813628166	-2.1860842025489545e-11
26	18	115.46418567711335	-1.0566054697846994e-11
26	19	102.088316219396	-5.605897968052887e-12
26	20	89.55478610889543	4.432649802765809e-12
27	0	122.65218536614485	-1.0732037480920553e-12
27	1	156.10408130012115	-4.715730028692633e-12
27	2	151.09083977393382	2.153683453798294e-11
27	3	142.51332893203195	1.5252226148732006e-11
27	4	150.72881447604465	-5.985612006043084e-12
27	5	159.00342177611967	1.553530637465883e-11
27	6	157.17356590581144	-4.788489604834467e-12
27	7	159.60079777406114	5.47743184142746e-12
27	8	171.90445718864672	-2.387878339504823e-11
27	9	179.79038050446007	2.1556161300395617e-11
27	10	177.2912731046929	4.318962965044193e-12
27	11	173.6943169764714	2.0837660485995e-11
27	12	170.9428106817127	-1.7794263840187342e-11
27	13	162.31172174765257	-2.2148469724925234e-11
27	14	150.97212443996986	-8.433289622189478e-12
27	15	145.15899411588978	-1.9736035028472542e-12
27	16	140.56381083779917	-4.0017766878008843e-13
27	17	128.47038094281942	-3.949480742448941e-12
27	18	112.54060624837741	-7.831886250642128e-12
27	19	100.01857071417544	-2.335127646801993e-12
27	20	88.10298681265988	3.559534889063798e-12
28	0	119.6741341298108	1.1760903362301179e-11
28	1	153.9937792883807	6.423306331271306e-12
28	2	149.84145572614167	-2.8834392651333473e-11
28	3	142.0991340889323	-1.7097363524953836e-11
28	4	151.15528386537713	1.6527792467968538e-11
28	5	160.29979626003265	3.447894414421171e-11
28	6	159.33173732139431	2.7087025955552234e-11
28	7	162.49032019778323	-8.901679393602535e-13
28	8	175.20698919881613	-2.9091324904584328e-11
28	9	182.99226981180848	1.3111502994433977e-11
28	10	179.75178416570657	-2.206661520176567e-12
28	11	174.77724485026636	4.323510438553058e-12
28	12	170.1724985203975	1.0467147149029189e-11
28	13	159.50143776656225	1.2552163752843625e-11
28	14	146.27892293790836	3.659124558907934e-11
28	15	139.04286971240867	-4.431512934388593e-11
28	16	133.66171198575358	-1.3174030755180865e-11
28	17	121.4254293274636	7.125890988390893e-12
28	18	105.84254598485711	-1.2825012163375505e-11
28	19	93.9070604279212	6.056097845430486e-12
28	20	82.56231743963492	1.16006049211137e-11
29	0	117.02439099586029	-6.185700840433129e-12
29	1	151.93867476161807	2.6719817469711416e-11
29	2	148.24955192283582	2.094225237669889e-11
29	3	140.8380978534388	-3.1051285986904986e-11
29	4	150.16823021533742	-2.92300228466047e-11
29	5	159.6229463506373	3.0752289603697137e-12
29	6	159.0456505008275	3.1889157980913296e-11
29	7	162.62616291792577	-3.2088109946926124e-11
29	8	175.64980119867673	5.881020115339198e-12
29	9	183.42678376193595	-9.766836228664033e-12
29	10	179.68144252762752	4.330331648816355e-11
29	11	173.6192452816068	-5.230731403571553e-12
29	12	167.40166786807708	-2.4932660380727612e-11
29	13	154.7951480531478	-7.015614755800925e-12
29	14	139.61228601607274	1.606849764357321e-11
29	15	130.69958516923958	-1.3938006304670126e-11
29	16	124.15540592149063	3.275317794759758e-12
29	17	111.35817265372997	-4.686171450885013e-12
29	18	95.74951760392379	6.09361450187862e-13
29	19	84.14057629744386	9.889618013403378e-12
30	0	115.29959203529059	1.5908199202385732e-11
30	1	150.40855929472394	-5.1807091949740425e-12
30	2	146.6031175513318	1.9042545318370685e-12
30	3	138.78593543682987	2.740534910117276e-11
30	4	147.54913160313976	8.659526429255493e-12
30	5	156.45341018312828	2.6500401872908696e-11
30	6	155.49224007064032	1.700072971289046e-11
30	7	158.91151608421993	-2.5820554583333433e-11
30	8	171.92967680776178	3.3094238460762426e-12
30	9	179.68758576077218	-1.950297701114323e-11
30	10	175.7005329947451	1.3958469935460016e-11
30	11	169.00675112079588	-9.149516699835659e-12
30	12	161.7114322492777	2.1216237655607984e-11
30	13	147.6658688737514	3.86216925107874e-11
30	14	130.8879293855675	-3.3654714570729997e-11
30	15	120.48548588891539	-1.928356141434051e-11
30	16	112.79033054354835	7.364633347606287e-12
30	17	99.31395258610107	2.098659024341032e-12
30	18	83.49670410018584	3.5402081266511232e-12
31	0	114.6388945349667	1.8252421796205455e-11
31	1	149.55991748592461	2.5542021830915475e-11
31	2	145.06864944991554	-9.310952009400352e-13
31	3	136.09942433734292	-1.2854570741183125e-11
31	4	143.4134397445457	2.503384166629985e-12
31	5	150.82699360378783	7.42602423997596e-12
31	6	148.5923949563848	-1.468833943363279e-11
31	7	151.13251457181124	2.0168045011814684e-11
31	8	163.7051347519101	3.3344349503749984e-12
31	9	171.34653682940368	-1.7228103388333692e-11
31	10	167.36829184550695	-8.21046342025511e-12
31	11	160.58429733006673	-2.64583377429517e-11
31	12	152.93745518952653	1.0479652701178566e-11
31	13	138.23506646963833	3.484160515654367e-11
31	14	120.57919275314329	3.808509063674137e-12
31	15	109.25164002800031	1.1942802302655764e-11
31	16	100.77762196957427	2.645492713782005e-12
31	17	86.80788039547619	-1.2307737051742152e-11
32	0	114.78343393082923	-9.538325684843586e-12
32	1	149.30224733283333	2.204387783422135e-12
32	2	143.76551770941472	2.2125732357380912e-11
32	3	133.12224419154992	1.7624870451982133e-11
32	4	138.31226284819925	3.120135261269752e-11
32	5	143.45590602854472	-1.1065139915444888e-11
32	6	139.15255325827914	-2.8578597266459837e-11
32	7	140.1170511983948	1.0481926437932998e-11
32	8	151.76392326219806	1.3496901374310255e-11
32	9	159.11591586137894	2.0436345948837696e-11
32	10	155.32146570549597	-9.647465049056336e-12
32	11	148.94864682013392	2.937213139375672e-11
32	12	141.69930699630902	2.2032509150449185e-12
32	13	127.2204557863815	-4.94560481456574e-11
32	14	109.57287139333621	2.7057467377744616e-12
32	15	98.10569874445297	8.673168849782088e-12
32	16	89.46925066226412	1.1164047464262694e-11
33	0	115.26711376432998	1.875605448731221e-11
33	1	149.4402874251981	7.432845450239256e-12
33	2	142.84805520711382	-1.6390231394325385e-11
33	3	130.40299077999208	2.2500898921862246e-11
33	4	133.1896509157822	2.417209543637e-11
33	5	135.63458524143365	3.2855496101547034e-13
33	6	128.73204114650676	3.5760194805334323e-11
33	7	127.57758772227814	5.185256668482907e-12
33	8	137.8534927645387	-1.8712853488977998e-11
33	9	144.67471271773402	-1.1209522199351342e-11
33	10	141.09921747250067	-8.913048077374697e-12
33	11	135.46957607118617	8.649294613860547e-12
33	12	129.2098853832925	-1.1374368114047683e-11
33	13	115.72423363753502	-4.0222403185907754e-12
33	14	98.92627733752417	2.5639792511356063e-11
33	15	88.13002522582529	-1.3262706488603726e-11
33	16	80.03357695414844	-1.9981598597951232e-11
34	0	115.64635706319451	2.27930740948068e-11
34	1	149.81259147682846	-1.0151097740163096e-11
34	2	142.53399068687642	5.053379936725833e-12
34	3	128.60539907724015	-3.5402081266511232e-12
34	4	129.17805930736574	1.708940544631332e-11
34	5	128.93460342063264	-3.3477363103884275e-11
34	6	119.26023655421007	5.6365934142377226e-12
34	7	115.67875529400645	1.4540546544594691e-12
34	8	124.22869145354538	2.5318058760603892e-11
34	9	130.2236478108242	-8.121787686832249e-12
34	10	126.72695921780134	2.10695816349471e-11
34	11	121.9160617031872	6.9940142566338185e-12
34	12	116.94871561222828	-1.1283418643870391e-11
34	13	104.95002335594289	1.4349552657222375e-11
34	14	89.61781924639305	1.6502781363669782e-11
34	15	80.15176951601391	2.0371544451336376e-11
35	0	115.67254180733873	1.8409878066449892e-11
35	1	150.36002501960334	-1.7278694031119814e-11
35	2	143.04901993522796	-1.6200942809518892e-11
35	3	128.31979986248479	1.228158907906618e-11
35	4	127.27976765812016	2.384922481724061e-11
35	5	124.771456496476	4.6980517254269217e-11
35	6	112.5149782950646	-4.342439297033707e-11
35	7	106.46152724904393	-6.070877134334296e-12
35	8	113.05970189395457	8.738538781472016e-12
35	9	117.91417741167805	1.7683987607597373e-12
35	10	114.19865525027376	7.486278263968416e-13
35	11	110.01547565138023	1.2093437362636905e-11
35	12	106.31074800440423	3.6453684515436184e-11
35	13	95.94239775311351	5.64762103749672e-11
35	14	82.36759351232692	-5.4944848670857025e-12
36	0	115.34513131534179	3.489617483865004e-12
36	1	151.09902781292806	1.5646719475626014e-11
36	2	144.50422664379724	4.784510565514211e-12
36	3	129.8359115248223	-2.0617676455003674e-11
36	4	128.03553574637115	-2.221838713012403e-11
36	5	123.97992460416222	1.4397869563254062e-11
36	6	109.62552744690916	-1.0701342034735716e-11
36	7	101.30296922911351	2.1069013200758493e-11
36	8	105.88297857343002	1.766125024005305e-12
36	9	109.32624895306657	4.9112713895738125e-11
36	10	105.01398111534618	3.7763925320177806e-11
36	11	101.07577940764271	-1.1543193068064283e-11
36	12	98.32930703900061	3.4481217880966144e-12
36	13	89.41478328825427	2.7281998882244806e-11
37	0	114.83988911802288	-1.8059154172078706e-12
37	1	152.0245980727643	-8.681695362611208e-12
37	2	146.76419622353143	-1.0265921446261927e-12
37	3	132.96751754343313	5.7980287238024175e-12
37	4	131.30080335939482	2.050455805147067e-11
37	5	126.54236734224425	-2.3193251763586885e-11
37	6	110.7603949905447	4.239097961544758e-12
37	7	100.57796929750766	1.3301075796334772e-11
37	8	103.25696303395905	-3.0398439321288605e-11
37	9	105.14144481689284	7.87764520282508e-12
37	10	99.89261467254886	2.9763214115519076e-12
37	11	95.76167654342687	2.7404780666984153e-11
37	12	93.52890506580353	4.628361693903571e-11
37	13	85.68574376905009	-2.021351974690333e-11
38	0	114.36097921973908	-8.182610145013313e-13
38	1	153.00451501467586	3.768718670471571e-12
38	2	149.379629110521	-1.0126655070052949e-12
38	3	137.01407765408914	-2.350446948184981e-11
38	4	136.22373733980038	3.873026344081154e-12
38	5	131.57038432465328	7.911182819952956e-13
38	6	115.10229518356711	1.8619772390593425e-11
38	7	103.62175142348438	4.75637307317811e-13
38	8	104.71204959069541	-2.3163693185779266e-11
38	9	105.08576781836116	6.0396132539608516e-12
38	10	98.71946647254941	-1.9910117998733767e-11
38	11	94.05420966261546	2.565158752076968e-11
38	12	91.91115690762858	1.1612826256168774e-11
38	13	84.70105723269019	1.382076675326971e-11
39	0	113.9959689034293	-1.1561667179194047e-11
39	1	153.73315437804624	7.076721431076294e-12
39	2	151.640099148986	2.0210109141771683e-11
39	3	140.90167170970483	2.6346924641984514e-13
39	4	141.45488634651133	-1.0649046089383774e-11
39	5	137.55825362399884	5.567812877416145e-13
39	6	121.11879009557728	9.21858145375154e-12
39	7	108.99320610280665	-7.088658549037063e-12
39	8	108.98718076115776	2.4878659132809845e-11
39	9	108.12715446124696	1.5630519101250685e-11
39	10	100.69858624510347	3.662535164039582e-11
39	11	95.36395251802605	1.1685585832310609e-11
39	12	93.03626008185319	-1.2399539173202356e-11
39	13	86.0967282791252	7.911182819952956e-12
40	0	113.6471854411823	3.638831458374625e-12
40	1	153.78710912103293	3.609841314755613e-12
40	2	152.75587961500833	-9.073062301467872e-12
40	3	143.48004521228071	3.43374040312483e-11
40	4	145.53698411086265	-1.1167742286488647e-11
40	5	142.83450184918465	1.0280984952260042e-11
40	6	127.04010006122381	9.247287380276248e-12
40	7	114.94330284390337	-1.3259011666377773e-11
40	8	114.45731040297255	1.5792238627909682e-11
40	9	112.83793536206561	-7.295852810784709e-13
40	10	104.63631311088457	7.398170964734163e-13
40	11	98.7312246328776	-9.12081077331095e-12
40	12	96.14701434617244	2.0135928480158328e-11
40	13	89.26255439635393	3.131390258204192e-11
40	14	80.79811682221889	-2.776260998871294e-11
40	16	80.46371745259142	1.2694556517089951e-11
41	0	113.07498119745279	1.0171561370952986e-11
41	1	152.77672351036304	1.2443592822819482e-11
41	2	152.12073087098636	-4.8973447519529146e-12
41	3	143.88851414434828	-2.8796591777791038e-11
41	4	147.3550734321384	1.825867457228014e-11
41	5	146.06847554368753	1.1283987078058999e-11
41	6	131.38864213941358	-2.1872779143450317e-11
41	7	119.93237152973812	-1.6902390598261263e-12
41	8	119.60562615988161	-5.032916305935942e-12
41	9	117.79539436721198	3.474241339063156e-11
41	10	109.25267235301155	-6.0640559240709994e-12
41	11	103.04168086609309	-1.2644818525586743e-12
41	12	100.29330693964305	8.693348263477674e-12
41	13	93.39086140063792	-1.0354597179684788e-11
41	14	84.98012351962642	5.1755932872765696e-12
41	15	83.33363274792184	3.403272330615437e-11
41	16	84.61731924031217	1.8756907138595126e-11
41	17	80.64324154689797	9.395932920597262e-12
42	0	112.03504004135205	1.4424585970118643e-11
42	1	150.53838054558793	2.0398829292389565e-11
42	2	149.5640503256726	-2.8397835194482467e-11
42	3	141.86681018994517	-2.4347741600649896e-11
42	4	146.49785081047338	8.833467290969566e-12
42	5	146.6671895314273	-1.6723333828849719e-12
42	6	133.39102653737152	-4.538492248684634e-11
42	7	123.03394130147916	-5.916263035032898e-12
42	8	123.39593861290487	-1.6163994587259368e-11
42	9	121.90245872777516	1.420630724169314e-11
42	10	113.43580539219711	1.8089849618263543e-11
42	11	107.20753439007512	2.524416231608484e-11
42	12	104.44181961977192	5.112781309435377e-11
42	13	97.52509704519785	-4.699813871411607e-12
42	14	89.02615388740455	2.0661445887526498e-11
42	15	87.1096293962507	7.383960110018961e-12
42	16	87.86815197969803	3.723243935382925e-13
42	17	83.12756073024028	2.940964805020485e-11
43	0	110.44604956121798	1.520390924270032e-11
43	1	147.2839560600295	1.5634213923476638e-11
43	2	145.49061097405783	-1.3714043234358541e-11
43	3	137.89427431017717	9.1665697254939e-12
43	4	143.4038285122417	2.8535396268125623e-11
43	5	144.93263631824306	-9.058567229658366e-12
43	6	133.14658961260076	6.8285999077488666e-12
43	7	124.11065208511184	-1.8098376131092663e-11
43	8	125.44917737858432	-1.6941612557275222e-11
43	9	124.55651594628684	9.61961177381454e-12
43	10	116.39503743586285	-4.10068423661869e-12
43	11	110.29856591640221	7.374296728812623e-12
43	12	107.58170216698068	-2.117928943334846e-11
43	13	100.64078507931505	2.3566713025502397e-11
43	14	91.96945584627194	4.244839146849699e-11
43	15	89.61202287312204	3.325340003357269e-13
43	16	89.56188505487326	-1.2212240108055994e-11
43	17	83.6306884546797	2.9388047551037744e-11
44	0	108.5058088022343	1.4052830010768957e-11
44	1	143.63027584486036	-1.0509211278986186e-11
44	2	140.83663204970324	5.911715561524034e-14
44	3	133.09271876524662	2.111391950165853e-11
44	4	139.23472453331905	-2.72393663180992e-12
44	5	141.92965964797233	4.1064822653424924e-11
44	6	131.5110701547171	1.3674252841155976e-11
44	7	123.73034214190108	2.354227035539225e-11
44	8	126.00260374159734	-3.585910235415213e-11
44	9	125.65622918535621	-1.4412080417969264e-11
44	10	117.71389925511188	-2.0866082195425405e-11
44	11	111.63498022121856	1.2840928320656531e-11
44	12	108.84720098465895	-2.0991137716919185e-11
44	13	101.78571299545904	4.553839971777052e-11
44	14	92.8872074820606	-2.0145307644270362e-11
44	15	90.07009319337406	1.3983481039758772e-11
44	16	89.19622421501674	3.435047801758629e-11
44	17	82.01337907924145	1.3924363884143532e-11
45	0	106.69166250267757	1.7627144188736567e-11
45	1	140.47256698794473	-1.4052830010768957e-11
45	2	136.833420072972	1.4815668691881e-11
45	3	128.90821281524526	-2.0211246010148898e-11
45	4	135.51038007345704	-4.221078597765882e-11
45	5	139.11175626075894	-1.5479599824175238e-11
45	6	129.74960490254372	-5.2126551963738165e-11
45	7	122.87742234110225	-5.2870063882437536e-11
45	8	125.70278173929859	2.836259227478877e-11
45	9	125.48950848721168	-1.4276793081080541e-11
45	10	117.33587035165226	1.6776766642578877e-11
45	11	110.86324173430116	3.6769733924302273e-11
45	12	107.66656495459695	2.742012839007657e-11
45	13	100.27748603975039	6.389541340467985e-11
45	14	91.11753405429546	3.8320422390825114e-11
45	15	87.9877769855766	3.4917775337817146e-11
45	16	86.5859906414172	3.7106246963958254e-11
46	0	105.62853107910088	5.508127287612297e-12
46	1	138.7270222043602	-9.971472536562943e-12
46	2	134.64210811931395	1.581952346896287e-11
46	3	126.66683403469152	-3.228706191293895e-11
46	4	133.62225139784772	2.8016984288115054e-11
46	5	137.8327997228058	4.4583430280908945e-11
46	6	129.08654172017174	-4.207549864077009e-12
46	7	122.57584859201712	1.1391421139705926e-12
46	8	125.32848362785809	1.0061285138363018e-12
46	9	124.57223132298974	2.1760797608294524e-11
46	10	115.52237466740424	2.1615278456010855e-11
46	11	108.02399038104295	4.912408257951029e-12
46	12	103.91847613309093	8.731262823857833e-11
46	13	95.9169160732435	5.750280251959339e-11
46	14	86.49108937435983	-2.6432189770275727e-11
46	15	83.35125910146228	-2.5448798623983748e-11
46	16	82.00543892631283	-4.024059307994321e-11
47	0	105.86562751317301	-2.4863311409717427e-12
47	1	139.02472535182426	-7.57381712901406e-12
47	2	134.9775400862941	-1.3816361388307996e-11
47	3	127.14949112797616	7.116796041373163e-13
47	4	134.3863560065603	1.473608790547587e-11
47	5	138.90861670924306	1.75168679561466e-11
47	6	130.30614782653538	2.210299498983659e-11
47	7	123.55610990683323	1.3152430256013758e-11
47	8	125.54473924083172	5.483457243826706e-11
47	9	123.50135711921193	-1.841954144765623e-11
47	10	112.80655465063045	8.946017260313965e-12
47	11	103.59692752212213	-1.693365447863471e-11
47	12	98.04761433118365	9.202949513564818e-12
47	13	89.1442559352755	2.7688429327099585e-11
48	0	107.64709913528642	-8.227516445913353e-12
48	1	141.46848283486176	1.864464138634503e-11
48	2	137.85370326641802	-3.276454663136974e-12
48	3	130.33140015435893	9.515588317299263e-13
48	4	137.785100165862	3.466880116320681e-11
48	5	142.37151522689697	-2.488604877726175e-11
48	6	133.53094167174288	-3.831360118056182e-11
48	7	126.06769690631268	-4.3985437514493246e-11
48	8	126.75745134496952	6.2459548644255844e-12
48	9	122.85595031515761	7.639755494892597e-13
48	10	109.94002536631452	1.6659669199725612e-11
48	11	98.48683751131844	2.939827936643269e-11
48	12	91.07730430933313	2.0626202967832797e-11
48	13	81.05986754099463	6.180357559060212e-11
49	0	110.77293557926778	2.9325519790290854e-11
49	1	145.5515133977066	-1.5484147297684102e-11
49	2	142.54907043866	-1.1640395314316265e-11
49	3	135.38034145652784	-8.87325768417213e-12
49	4	142.9839080438258	-1.1425527191022411e-11
49	5	147.49142307421934	-1.8758328224066645e-12
49	6	138.23527669596757	4.681623977376148e-12
49	7	129.87561511747674	-1.2827285900129936e-11
49	8	129.08624839834434	1.2776126823155209e-11
49	9	123.14269568966048	1.859120857261587e-11
49	10	107.80986819738665	4.746539161715191e-11
49	11	93.91256098305014	-1.0815028872457332e-11
49	12	84.47156372812236	4.1446810428169555e-11
